Symbol  ,Date  ,Expiry  ,Option type  ,Strike Price  ,Open  ,High  ,Low  ,Close  ,LTP  ,Settle Price  ,No. of contracts  ,Turnover * in  ₹ Lakhs,Premium Turnover ** in   ₹ Lakhs,Open Int  ,Change in OI  ,Underlying Value  
NIFTY,04-Jul-2025,07-Aug-2025,PE,24000.00,51.95,51.95,42.00,42.00,42.00,42.00,3.00,54.10,0.10,225.00,225.00,25461.00
NIFTY,04-Jul-2025,07-Aug-2025,PE,23700.00,-,-,-,41.80,-,35.90,-,-,-,-,-,25461.00
NIFTY,04-Jul-2025,07-Aug-2025,PE,26750.00,-,-,-,1329.00,-,1282.90,-,-,-,-,-,25461.00
NIFTY,04-Jul-2025,07-Aug-2025,PE,26350.00,-,-,-,1020.15,-,977.40,-,-,-,-,-,25461.00
NIFTY,04-Jul-2025,07-Aug-2025,PE,26150.00,-,-,-,879.70,-,839.15,-,-,-,-,-,25461.00
NIFTY,04-Jul-2025,07-Aug-2025,PE,25050.00,193.70,200.35,185.50,185.50,185.50,284.10,5.00,94.67,0.73,75.00,75.00,25461.00
NIFTY,04-Jul-2025,07-Aug-2025,PE,25800.00,692.55,692.55,535.25,535.50,535.50,623.55,4.00,79.12,1.72,300.00,300.00,25461.00
NIFTY,04-Jul-2025,07-Aug-2025,PE,26200.00,-,-,-,913.90,-,872.75,-,-,-,-,-,25461.00
NIFTY,04-Jul-2025,07-Aug-2025,PE,26650.00,-,-,-,1248.70,-,1203.30,-,-,-,-,-,25461.00
NIFTY,04-Jul-2025,07-Aug-2025,PE,24450.00,-,-,-,141.95,-,127.40,-,-,-,-,-,25461.00
NIFTY,04-Jul-2025,07-Aug-2025,PE,23650.00,-,-,-,38.10,-,32.60,-,-,-,-,-,25461.00
NIFTY,04-Jul-2025,07-Aug-2025,PE,24600.00,102.85,112.15,90.00,90.00,90.00,90.00,13.00,240.88,1.03,750.00,750.00,25461.00
NIFTY,04-Jul-2025,07-Aug-2025,PE,26550.00,-,-,-,1170.40,-,1125.80,-,-,-,-,-,25461.00
NIFTY,04-Jul-2025,07-Aug-2025,PE,27000.00,-,-,-,1537.80,-,1490.20,-,-,-,-,-,25461.00
NIFTY,04-Jul-2025,07-Aug-2025,PE,26100.00,-,-,-,846.20,-,806.25,-,-,-,-,-,25461.00
NIFTY,04-Jul-2025,07-Aug-2025,PE,25200.00,243.40,268.00,220.85,222.20,220.85,222.20,44.00,839.62,8.02,1050.00,1050.00,25461.00
NIFTY,04-Jul-2025,07-Aug-2025,PE,25650.00,-,-,-,575.90,-,542.10,-,-,-,-,-,25461.00
NIFTY,04-Jul-2025,07-Aug-2025,PE,25700.00,-,-,-,603.10,-,568.50,-,-,-,-,-,25461.00
NIFTY,04-Jul-2025,07-Aug-2025,PE,26450.00,-,-,-,1095.15,-,1050.30,-,-,-,-,-,25461.00
NIFTY,04-Jul-2025,07-Aug-2025,PE,24650.00,-,-,-,187.25,-,169.65,-,-,-,-,-,25461.00
NIFTY,04-Jul-2025,07-Aug-2025,PE,24500.00,89.60,97.20,76.60,79.50,76.60,79.50,13.00,239.71,0.83,450.00,450.00,25461.00
NIFTY,04-Jul-2025,07-Aug-2025,PE,27150.00,-,-,-,1667.85,-,1619.60,-,-,-,-,-,25461.00
NIFTY,04-Jul-2025,07-Aug-2025,PE,25750.00,-,-,-,630.95,-,595.65,-,-,-,-,-,25461.00
NIFTY,04-Jul-2025,07-Aug-2025,PE,24200.00,-,-,-,97.70,-,86.50,-,-,-,-,-,25461.00
NIFTY,04-Jul-2025,07-Aug-2025,PE,24300.00,-,-,-,113.85,-,101.35,-,-,-,-,-,25461.00
NIFTY,04-Jul-2025,07-Aug-2025,PE,26050.00,-,-,-,813.40,-,774.00,-,-,-,-,-,25461.00
NIFTY,04-Jul-2025,07-Aug-2025,PE,26600.00,-,-,-,1209.30,-,1164.30,-,-,-,-,-,25461.00
NIFTY,04-Jul-2025,07-Aug-2025,PE,23850.00,-,-,-,54.75,-,47.45,-,-,-,-,-,25461.00
NIFTY,04-Jul-2025,07-Aug-2025,PE,25950.00,-,-,-,749.75,-,711.70,-,-,-,-,-,25461.00
NIFTY,04-Jul-2025,07-Aug-2025,PE,25400.00,317.65,353.80,292.00,296.60,297.00,296.60,45.00,867.84,10.59,1800.00,1800.00,25461.00
NIFTY,04-Jul-2025,07-Aug-2025,PE,24400.00,-,-,-,132.10,-,118.20,-,-,-,-,-,25461.00
NIFTY,04-Jul-2025,07-Aug-2025,PE,25000.00,182.00,210.00,161.40,163.55,162.15,163.55,56.00,1057.70,7.70,1725.00,1725.00,25461.00
NIFTY,04-Jul-2025,07-Aug-2025,PE,26250.00,-,-,-,948.70,-,907.00,-,-,-,-,-,25461.00
NIFTY,04-Jul-2025,07-Aug-2025,PE,27050.00,-,-,-,1580.75,-,1532.95,-,-,-,-,-,25461.00
NIFTY,04-Jul-2025,07-Aug-2025,PE,26800.00,-,-,-,1369.90,-,1323.45,-,-,-,-,-,25461.00
NIFTY,04-Jul-2025,07-Aug-2025,PE,25150.00,223.15,230.50,208.40,208.40,208.40,319.70,5.00,95.14,0.83,225.00,225.00,25461.00
NIFTY,04-Jul-2025,07-Aug-2025,PE,26300.00,-,-,-,984.10,-,941.90,-,-,-,-,-,25461.00
NIFTY,04-Jul-2025,07-Aug-2025,PE,26500.00,-,-,-,1132.05,-,1088.85,-,-,-,-,-,25461.00
NIFTY,04-Jul-2025,07-Aug-2025,PE,23800.00,50.10,50.10,27.80,28.70,29.60,28.70,18.00,321.74,0.44,750.00,750.00,25461.00
NIFTY,04-Jul-2025,07-Aug-2025,PE,25100.00,218.10,236.85,192.75,192.75,192.75,301.55,32.00,607.51,5.11,900.00,900.00,25461.00
NIFTY,04-Jul-2025,07-Aug-2025,PE,26000.00,647.85,649.50,605.25,610.10,605.25,610.10,130.00,2595.64,60.64,3075.00,3075.00,25461.00
NIFTY,04-Jul-2025,07-Aug-2025,PE,25850.00,-,-,-,688.95,-,652.20,-,-,-,-,-,25461.00
NIFTY,04-Jul-2025,07-Aug-2025,PE,23900.00,37.00,40.00,35.40,36.00,36.00,51.95,22.00,394.96,0.61,1575.00,1575.00,25461.00
NIFTY,04-Jul-2025,07-Aug-2025,PE,24250.00,-,-,-,105.55,-,93.70,-,-,-,-,-,25461.00
NIFTY,04-Jul-2025,07-Aug-2025,PE,26900.00,-,-,-,1453.00,-,1405.95,-,-,-,-,-,25461.00
NIFTY,04-Jul-2025,07-Aug-2025,PE,24050.00,-,-,-,76.85,-,67.45,-,-,-,-,-,25461.00
NIFTY,04-Jul-2025,07-Aug-2025,PE,26950.00,-,-,-,1495.20,-,1447.90,-,-,-,-,-,25461.00
NIFTY,04-Jul-2025,07-Aug-2025,PE,24750.00,130.75,141.05,114.00,114.25,114.45,114.25,15.00,279.87,1.44,1125.00,1125.00,25461.00
NIFTY,04-Jul-2025,07-Aug-2025,PE,27100.00,-,-,-,1624.15,-,1576.10,-,-,-,-,-,25461.00
NIFTY,04-Jul-2025,07-Aug-2025,PE,26400.00,-,-,-,1056.75,-,1013.55,-,-,-,-,-,25461.00
NIFTY,04-Jul-2025,07-Aug-2025,PE,25450.00,334.50,377.70,315.00,316.60,317.00,316.60,17.00,328.65,4.16,1050.00,1050.00,25461.00
NIFTY,04-Jul-2025,07-Aug-2025,PE,25300.00,287.55,312.00,250.50,253.75,252.00,253.75,103.00,1975.66,21.24,4425.00,4425.00,25461.00
NIFTY,04-Jul-2025,07-Aug-2025,PE,24100.00,-,-,-,83.35,-,73.35,-,-,-,-,-,25461.00
NIFTY,04-Jul-2025,07-Aug-2025,PE,25500.00,354.90,401.40,328.00,330.55,331.15,330.55,115.00,2230.03,30.66,4275.00,4275.00,25461.00
NIFTY,04-Jul-2025,07-Aug-2025,PE,26850.00,-,-,-,1411.20,-,1364.50,-,-,-,-,-,25461.00
NIFTY,04-Jul-2025,07-Aug-2025,PE,24900.00,154.65,177.65,139.70,140.50,139.75,140.50,28.00,526.23,3.33,1275.00,1275.00,25461.00
NIFTY,04-Jul-2025,07-Aug-2025,PE,24150.00,-,-,-,90.30,-,79.70,-,-,-,-,-,25461.00
NIFTY,04-Jul-2025,07-Aug-2025,PE,24700.00,128.30,133.20,106.15,106.40,106.60,106.40,25.00,465.34,2.22,1875.00,1875.00,25461.00
NIFTY,04-Jul-2025,07-Aug-2025,PE,24950.00,163.75,186.90,160.15,160.15,160.15,251.40,7.00,131.88,0.90,225.00,225.00,25461.00
NIFTY,04-Jul-2025,07-Aug-2025,PE,26700.00,-,-,-,1288.60,-,1242.85,-,-,-,-,-,25461.00
NIFTY,04-Jul-2025,07-Aug-2025,PE,24350.00,76.35,76.35,65.00,71.00,71.00,109.55,4.00,73.26,0.21,300.00,300.00,25461.00
NIFTY,04-Jul-2025,07-Aug-2025,PE,25900.00,-,-,-,719.00,-,681.55,-,-,-,-,-,25461.00
NIFTY,04-Jul-2025,07-Aug-2025,PE,24550.00,-,-,-,163.45,-,147.40,-,-,-,-,-,25461.00
NIFTY,04-Jul-2025,07-Aug-2025,PE,25250.00,256.30,290.70,240.20,240.20,240.20,358.20,4.00,76.53,0.78,300.00,300.00,25461.00
NIFTY,04-Jul-2025,07-Aug-2025,PE,25550.00,384.20,427.25,360.65,360.65,360.65,491.65,22.00,428.31,6.74,825.00,825.00,25461.00
NIFTY,04-Jul-2025,07-Aug-2025,PE,24800.00,136.35,154.55,122.45,122.45,122.45,122.45,41.00,766.87,4.27,2025.00,2025.00,25461.00
NIFTY,04-Jul-2025,07-Aug-2025,PE,23950.00,-,-,-,65.05,-,56.75,-,-,-,-,-,25461.00
NIFTY,04-Jul-2025,07-Aug-2025,PE,23750.00,-,-,-,45.80,-,39.45,-,-,-,-,-,25461.00
NIFTY,04-Jul-2025,07-Aug-2025,PE,24850.00,145.40,161.65,140.40,160.90,160.90,221.45,13.00,243.72,1.43,975.00,975.00,25461.00
NIFTY,04-Jul-2025,07-Aug-2025,PE,25600.00,384.55,384.55,384.55,384.55,384.55,516.45,1.00,19.49,0.29,75.00,75.00,25461.00
NIFTY,04-Jul-2025,07-Aug-2025,PE,25350.00,293.35,331.60,272.70,272.95,273.00,272.95,16.00,307.70,3.50,825.00,825.00,25461.00
NIFTY,07-Jul-2025,07-Aug-2025,PE,25150.00,216.20,216.20,203.35,203.35,203.35,301.25,7.00,133.15,1.11,150.00,-75.00,25461.30
NIFTY,07-Jul-2025,07-Aug-2025,PE,26550.00,-,-,-,1170.40,-,1116.60,-,-,-,-,-,25461.30
NIFTY,07-Jul-2025,07-Aug-2025,PE,26950.00,-,-,-,1495.20,-,1444.20,-,-,-,-,-,25461.30
NIFTY,07-Jul-2025,07-Aug-2025,PE,27200.00,-,-,-,1711.95,-,1663.15,-,-,-,-,-,25461.30
NIFTY,07-Jul-2025,07-Aug-2025,PE,24400.00,-,-,-,132.10,-,105.10,-,-,-,-,-,25461.30
NIFTY,07-Jul-2025,07-Aug-2025,PE,25050.00,187.05,188.00,177.05,177.05,177.05,266.05,10.00,189.25,1.38,225.00,150.00,25461.30
NIFTY,07-Jul-2025,07-Aug-2025,PE,25350.00,284.55,286.60,270.00,270.00,270.00,380.90,11.00,211.40,2.26,600.00,-225.00,25461.30
NIFTY,07-Jul-2025,07-Aug-2025,PE,24850.00,135.80,139.35,129.75,129.75,129.75,204.55,10.00,187.39,1.02,1125.00,150.00,25461.30
NIFTY,07-Jul-2025,07-Aug-2025,PE,26300.00,-,-,-,984.10,-,929.40,-,-,-,-,-,25461.30
NIFTY,07-Jul-2025,07-Aug-2025,PE,24150.00,79.70,79.70,79.70,79.70,79.70,69.05,1.00,18.17,0.06,75.00,75.00,25461.30
NIFTY,07-Jul-2025,07-Aug-2025,PE,24500.00,78.00,78.00,70.20,71.00,71.05,71.00,83.00,1529.67,4.55,5100.00,4650.00,25461.30
NIFTY,07-Jul-2025,07-Aug-2025,PE,23750.00,-,-,-,45.80,-,32.55,-,-,-,-,-,25461.30
NIFTY,07-Jul-2025,07-Aug-2025,PE,25900.00,551.85,551.85,550.00,550.00,550.00,665.00,2.00,39.68,0.83,75.00,75.00,25461.30
NIFTY,07-Jul-2025,07-Aug-2025,PE,25600.00,399.55,399.55,368.15,377.95,377.95,498.10,26.00,506.73,7.53,1500.00,1425.00,25461.30
NIFTY,07-Jul-2025,07-Aug-2025,PE,24450.00,-,-,-,141.95,-,113.80,-,-,-,-,-,25461.30
NIFTY,07-Jul-2025,07-Aug-2025,PE,25250.00,249.30,249.30,225.25,235.50,235.50,339.50,8.00,152.91,1.41,675.00,375.00,25461.30
NIFTY,07-Jul-2025,07-Aug-2025,PE,25750.00,-,-,-,630.95,-,578.05,-,-,-,-,-,25461.30
NIFTY,07-Jul-2025,07-Aug-2025,PE,26500.00,-,-,-,1132.05,-,1078.00,-,-,-,-,-,25461.30
NIFTY,07-Jul-2025,07-Aug-2025,PE,26250.00,-,-,-,948.70,-,893.95,-,-,-,-,-,25461.30
NIFTY,07-Jul-2025,07-Aug-2025,PE,25400.00,305.15,306.90,277.00,285.45,284.70,285.45,71.00,1367.96,15.41,3000.00,1200.00,25461.30
NIFTY,07-Jul-2025,07-Aug-2025,PE,26400.00,-,-,-,1056.75,-,1002.35,-,-,-,-,-,25461.30
NIFTY,07-Jul-2025,07-Aug-2025,PE,27000.00,-,-,-,1537.80,-,1487.20,-,-,-,-,-,25461.30
NIFTY,07-Jul-2025,07-Aug-2025,PE,23850.00,-,-,-,54.75,-,39.65,-,-,-,-,-,25461.30
NIFTY,07-Jul-2025,07-Aug-2025,PE,26150.00,-,-,-,879.70,-,824.95,-,-,-,-,-,25461.30
NIFTY,07-Jul-2025,07-Aug-2025,PE,26650.00,-,-,-,1248.70,-,1195.45,-,-,-,-,-,25461.30
NIFTY,07-Jul-2025,07-Aug-2025,PE,25550.00,374.15,374.15,336.65,336.65,336.65,473.15,6.00,116.59,1.61,975.00,150.00,25461.30
NIFTY,07-Jul-2025,07-Aug-2025,PE,26600.00,-,-,-,1209.30,-,1155.75,-,-,-,-,-,25461.30
NIFTY,07-Jul-2025,07-Aug-2025,PE,24250.00,-,-,-,105.55,-,82.05,-,-,-,-,-,25461.30
NIFTY,07-Jul-2025,07-Aug-2025,PE,26750.00,-,-,-,1329.00,-,1276.45,-,-,-,-,-,25461.30
NIFTY,07-Jul-2025,07-Aug-2025,PE,27100.00,-,-,-,1624.15,-,1574.45,-,-,-,-,-,25461.30
NIFTY,07-Jul-2025,07-Aug-2025,PE,25800.00,487.80,496.30,469.25,496.30,496.30,606.25,25.00,492.76,9.01,1950.00,1650.00,25461.30
NIFTY,07-Jul-2025,07-Aug-2025,PE,27050.00,-,-,-,1580.75,-,1530.65,-,-,-,-,-,25461.30
NIFTY,07-Jul-2025,07-Aug-2025,PE,26800.00,-,-,-,1369.90,-,1317.70,-,-,-,-,-,25461.30
NIFTY,07-Jul-2025,07-Aug-2025,PE,25100.00,201.00,201.00,183.00,189.40,189.40,283.30,38.00,720.80,5.45,1200.00,300.00,25461.30
NIFTY,07-Jul-2025,07-Aug-2025,PE,24350.00,-,-,-,71.00,71.00,96.90,-,-,-,300.00,-,25461.30
NIFTY,07-Jul-2025,07-Aug-2025,PE,24000.00,42.00,43.65,31.95,34.80,35.65,34.80,105.00,1892.71,2.71,5475.00,5250.00,25461.30
NIFTY,07-Jul-2025,07-Aug-2025,PE,24550.00,-,-,-,163.45,-,132.85,-,-,-,-,-,25461.30
NIFTY,07-Jul-2025,07-Aug-2025,PE,25300.00,264.80,266.65,241.55,247.05,247.50,247.05,66.00,1264.77,12.42,4650.00,225.00,25461.30
NIFTY,07-Jul-2025,07-Aug-2025,PE,26700.00,-,-,-,1288.60,-,1235.70,-,-,-,-,-,25461.30
NIFTY,07-Jul-2025,07-Aug-2025,PE,23800.00,30.10,30.10,25.05,25.20,25.05,25.20,35.00,625.45,0.70,2700.00,1950.00,25461.30
NIFTY,07-Jul-2025,07-Aug-2025,PE,24800.00,125.60,129.10,115.35,115.35,115.35,115.35,19.00,355.14,1.74,2100.00,75.00,25461.30
NIFTY,07-Jul-2025,07-Aug-2025,PE,26100.00,-,-,-,846.20,-,791.55,-,-,-,-,-,25461.30
NIFTY,07-Jul-2025,07-Aug-2025,PE,24950.00,161.40,161.90,145.10,145.10,145.10,233.85,11.00,207.12,1.29,600.00,375.00,25461.30
NIFTY,07-Jul-2025,07-Aug-2025,PE,24900.00,146.20,150.20,134.00,134.25,134.45,134.25,19.00,356.85,2.02,1575.00,300.00,25461.30
NIFTY,07-Jul-2025,07-Aug-2025,PE,23700.00,-,-,-,41.80,-,29.40,-,-,-,-,-,25461.30
NIFTY,07-Jul-2025,07-Aug-2025,PE,24300.00,-,-,-,113.85,-,89.25,-,-,-,-,-,25461.30
NIFTY,07-Jul-2025,07-Aug-2025,PE,25000.00,173.80,173.80,157.10,159.60,159.60,159.60,69.00,1302.12,8.37,3900.00,2175.00,25461.30
NIFTY,07-Jul-2025,07-Aug-2025,PE,26850.00,-,-,-,1411.20,-,1359.40,-,-,-,-,-,25461.30
NIFTY,07-Jul-2025,07-Aug-2025,PE,24700.00,107.55,110.70,97.50,97.50,97.50,165.90,21.00,390.65,1.63,2025.00,150.00,25461.30
NIFTY,07-Jul-2025,07-Aug-2025,PE,26900.00,-,-,-,1453.00,-,1401.60,-,-,-,-,-,25461.30
NIFTY,07-Jul-2025,07-Aug-2025,PE,23900.00,-,-,-,36.00,36.00,43.70,-,-,-,1575.00,-,25461.30
NIFTY,07-Jul-2025,07-Aug-2025,PE,26450.00,-,-,-,1095.15,-,1040.95,-,-,-,-,-,25461.30
NIFTY,07-Jul-2025,07-Aug-2025,PE,25850.00,518.70,521.85,518.70,521.85,521.85,635.25,2.00,39.56,0.78,-,-,25461.30
NIFTY,07-Jul-2025,07-Aug-2025,PE,26200.00,-,-,-,913.90,-,859.10,-,-,-,-,-,25461.30
NIFTY,07-Jul-2025,07-Aug-2025,PE,26350.00,-,-,-,1020.15,-,965.55,-,-,-,-,-,25461.30
NIFTY,07-Jul-2025,07-Aug-2025,PE,26050.00,-,-,-,813.40,-,758.80,-,-,-,-,-,25461.30
NIFTY,07-Jul-2025,07-Aug-2025,PE,24600.00,87.30,87.30,87.30,87.30,87.30,143.25,2.00,37.03,0.13,825.00,75.00,25461.30
NIFTY,07-Jul-2025,07-Aug-2025,PE,26000.00,622.05,622.05,596.70,599.95,599.95,726.80,6.00,119.72,2.72,3375.00,300.00,25461.30
NIFTY,07-Jul-2025,07-Aug-2025,PE,23650.00,21.00,21.00,21.00,21.00,21.00,21.00,2.00,35.51,0.03,150.00,150.00,25461.30
NIFTY,07-Jul-2025,07-Aug-2025,PE,24650.00,-,-,-,187.25,-,154.30,-,-,-,-,-,25461.30
NIFTY,07-Jul-2025,07-Aug-2025,PE,24200.00,48.55,48.55,44.85,44.95,45.10,44.95,27.00,490.97,0.92,1650.00,1650.00,25461.30
NIFTY,07-Jul-2025,07-Aug-2025,PE,25700.00,432.65,432.65,421.35,423.15,424.15,423.15,19.00,372.30,6.07,1275.00,1275.00,25461.30
NIFTY,07-Jul-2025,07-Aug-2025,PE,25950.00,-,-,-,749.75,-,695.55,-,-,-,-,-,25461.30
NIFTY,07-Jul-2025,07-Aug-2025,PE,24100.00,-,-,-,83.35,-,63.20,-,-,-,-,-,25461.30
NIFTY,07-Jul-2025,07-Aug-2025,PE,24050.00,-,-,-,76.85,-,57.75,-,-,-,-,-,25461.30
NIFTY,07-Jul-2025,07-Aug-2025,PE,25500.00,349.30,350.05,315.00,327.10,326.00,327.10,63.00,1220.44,15.57,4875.00,600.00,25461.30
NIFTY,07-Jul-2025,07-Aug-2025,PE,23950.00,-,-,-,65.05,-,48.00,-,-,-,-,-,25461.30
NIFTY,07-Jul-2025,07-Aug-2025,PE,27150.00,-,-,-,1667.85,-,1618.60,-,-,-,-,-,25461.30
NIFTY,07-Jul-2025,07-Aug-2025,PE,25650.00,408.05,410.70,395.00,395.00,395.00,524.00,4.00,78.16,1.21,150.00,150.00,25461.30
NIFTY,07-Jul-2025,07-Aug-2025,PE,24750.00,116.25,119.75,107.90,111.35,111.35,178.20,17.00,317.05,1.49,1200.00,75.00,25461.30
NIFTY,07-Jul-2025,07-Aug-2025,PE,25450.00,326.95,328.50,292.55,298.65,298.65,298.65,17.00,328.43,3.94,1350.00,300.00,25461.30
NIFTY,07-Jul-2025,07-Aug-2025,PE,25200.00,232.25,232.25,210.80,214.60,212.40,214.60,50.00,953.15,8.15,1950.00,900.00,25461.30
NIFTY,08-Jul-2025,07-Aug-2025,PE,24150.00,-,-,-,79.70,79.70,59.10,-,-,-,75.00,-,25522.50
NIFTY,08-Jul-2025,07-Aug-2025,PE,26500.00,-,-,-,1132.05,-,1031.35,-,-,-,-,-,25522.50
NIFTY,08-Jul-2025,07-Aug-2025,PE,24300.00,-,-,-,113.85,-,77.25,-,-,-,-,-,25522.50
NIFTY,08-Jul-2025,07-Aug-2025,PE,26300.00,-,-,-,984.10,-,883.85,-,-,-,-,-,25522.50
NIFTY,08-Jul-2025,07-Aug-2025,PE,24050.00,-,-,-,76.85,-,49.05,-,-,-,-,-,25522.50
NIFTY,08-Jul-2025,07-Aug-2025,PE,24350.00,-,-,-,71.00,71.00,84.20,-,-,-,300.00,-,25522.50
NIFTY,08-Jul-2025,07-Aug-2025,PE,24750.00,112.65,112.65,92.60,92.60,92.60,158.85,11.00,205.03,0.84,1575.00,375.00,25522.50
NIFTY,08-Jul-2025,07-Aug-2025,PE,25850.00,-,-,-,521.85,521.85,595.85,-,-,-,-,-,25522.50
NIFTY,08-Jul-2025,07-Aug-2025,PE,25600.00,386.20,386.20,311.90,318.80,316.10,318.80,113.00,2198.46,28.86,6000.00,4500.00,25522.50
NIFTY,08-Jul-2025,07-Aug-2025,PE,25250.00,238.20,238.20,203.40,203.40,203.40,310.75,6.00,114.59,0.97,825.00,150.00,25522.50
NIFTY,08-Jul-2025,07-Aug-2025,PE,27200.00,-,-,-,1711.95,-,1611.10,-,-,-,-,-,25522.50
NIFTY,08-Jul-2025,07-Aug-2025,PE,27100.00,-,-,-,1624.15,-,1522.75,-,-,-,-,-,25522.50
NIFTY,08-Jul-2025,07-Aug-2025,PE,24800.00,121.75,121.75,89.90,93.35,92.30,93.35,134.00,2501.92,9.52,4275.00,2175.00,25522.50
NIFTY,08-Jul-2025,07-Aug-2025,PE,26250.00,-,-,-,948.70,-,848.95,-,-,-,-,-,25522.50
NIFTY,08-Jul-2025,07-Aug-2025,PE,25900.00,-,-,-,550.00,550.00,624.80,-,-,-,75.00,-,25522.50
NIFTY,08-Jul-2025,07-Aug-2025,PE,25000.00,163.75,164.65,122.30,126.95,128.90,126.95,133.00,2507.00,13.25,8925.00,5025.00,25522.50
NIFTY,08-Jul-2025,07-Aug-2025,PE,24400.00,-,-,-,132.10,-,91.60,-,-,-,-,-,25522.50
NIFTY,08-Jul-2025,07-Aug-2025,PE,24850.00,129.35,131.45,102.80,102.80,102.80,102.80,15.00,280.89,1.33,1725.00,600.00,25522.50
NIFTY,08-Jul-2025,07-Aug-2025,PE,25450.00,315.75,315.75,251.50,254.30,263.80,254.30,27.00,521.00,5.64,1275.00,-75.00,25522.50
NIFTY,08-Jul-2025,07-Aug-2025,PE,24550.00,-,-,-,163.45,-,117.00,-,-,-,-,-,25522.50
NIFTY,08-Jul-2025,07-Aug-2025,PE,27050.00,-,-,-,1580.75,-,1479.20,-,-,-,-,-,25522.50
NIFTY,08-Jul-2025,07-Aug-2025,PE,26200.00,-,-,-,913.90,-,814.70,-,-,-,-,-,25522.50
NIFTY,08-Jul-2025,07-Aug-2025,PE,24600.00,84.25,84.35,84.25,84.35,84.35,126.55,2.00,37.03,0.13,825.00,-,25522.50
NIFTY,08-Jul-2025,07-Aug-2025,PE,24950.00,151.00,152.95,135.00,135.75,135.75,210.80,5.00,94.10,0.53,600.00,-,25522.50
NIFTY,08-Jul-2025,07-Aug-2025,PE,25050.00,176.00,177.70,143.60,143.60,143.60,143.60,4.00,75.64,0.49,150.00,-75.00,25522.50
NIFTY,08-Jul-2025,07-Aug-2025,PE,25400.00,294.65,294.65,231.70,236.55,236.85,236.55,129.00,2482.68,25.23,6975.00,3975.00,25522.50
NIFTY,08-Jul-2025,07-Aug-2025,PE,26350.00,-,-,-,1020.15,-,919.45,-,-,-,-,-,25522.50
NIFTY,08-Jul-2025,07-Aug-2025,PE,26950.00,-,-,-,1495.20,-,1393.25,-,-,-,-,-,25522.50
NIFTY,08-Jul-2025,07-Aug-2025,PE,25650.00,370.00,370.00,336.65,346.80,336.65,346.80,5.00,97.51,1.32,225.00,75.00,25522.50
NIFTY,08-Jul-2025,07-Aug-2025,PE,23750.00,-,-,-,45.80,-,26.95,-,-,-,-,-,25522.50
NIFTY,08-Jul-2025,07-Aug-2025,PE,26000.00,616.45,616.45,530.60,543.50,538.45,543.50,45.00,896.43,18.93,4950.00,1575.00,25522.50
NIFTY,08-Jul-2025,07-Aug-2025,PE,24100.00,-,-,-,83.35,-,53.90,-,-,-,-,-,25522.50
NIFTY,08-Jul-2025,07-Aug-2025,PE,26100.00,-,-,-,846.20,-,748.45,-,-,-,-,-,25522.50
NIFTY,08-Jul-2025,07-Aug-2025,PE,24650.00,-,-,-,187.25,-,136.70,-,-,-,-,-,25522.50
NIFTY,08-Jul-2025,07-Aug-2025,PE,24700.00,104.20,104.20,73.80,79.50,78.85,79.50,77.00,1431.27,4.84,4650.00,2625.00,25522.50
NIFTY,08-Jul-2025,07-Aug-2025,PE,26750.00,-,-,-,1329.00,-,1226.75,-,-,-,-,-,25522.50
NIFTY,08-Jul-2025,07-Aug-2025,PE,25750.00,-,-,-,630.95,-,540.25,-,-,-,-,-,25522.50
NIFTY,08-Jul-2025,07-Aug-2025,PE,25500.00,336.10,336.10,270.25,276.70,275.45,276.70,266.00,5147.26,60.01,12525.00,7650.00,25522.50
NIFTY,08-Jul-2025,07-Aug-2025,PE,25700.00,390.55,408.85,351.25,366.60,354.25,366.60,61.00,1194.00,18.22,5400.00,4125.00,25522.50
NIFTY,08-Jul-2025,07-Aug-2025,PE,25350.00,274.70,274.70,222.65,225.50,222.65,225.50,12.00,230.36,2.21,675.00,75.00,25522.50
NIFTY,08-Jul-2025,07-Aug-2025,PE,27150.00,-,-,-,1667.85,-,1566.75,-,-,-,-,-,25522.50
NIFTY,08-Jul-2025,07-Aug-2025,PE,24900.00,141.85,141.85,106.85,108.65,108.00,108.65,51.00,956.79,4.37,2250.00,675.00,25522.50
NIFTY,08-Jul-2025,07-Aug-2025,PE,26900.00,-,-,-,1453.00,-,1350.90,-,-,-,-,-,25522.50
NIFTY,08-Jul-2025,07-Aug-2025,PE,25800.00,-,-,-,496.30,496.30,567.65,-,-,-,1950.00,-,25522.50
NIFTY,08-Jul-2025,07-Aug-2025,PE,26600.00,-,-,-,1209.30,-,1107.20,-,-,-,-,-,25522.50
NIFTY,08-Jul-2025,07-Aug-2025,PE,25950.00,-,-,-,749.75,-,654.60,-,-,-,-,-,25522.50
NIFTY,08-Jul-2025,07-Aug-2025,PE,25200.00,220.60,221.05,172.45,172.55,172.60,172.55,24.00,457.17,3.57,2250.00,300.00,25522.50
NIFTY,08-Jul-2025,07-Aug-2025,PE,26650.00,-,-,-,1248.70,-,1146.50,-,-,-,-,-,25522.50
NIFTY,08-Jul-2025,07-Aug-2025,PE,26550.00,-,-,-,1170.40,-,1068.45,-,-,-,-,-,25522.50
NIFTY,08-Jul-2025,07-Aug-2025,PE,23800.00,22.10,24.05,19.15,19.50,19.50,19.50,72.00,1286.32,1.12,7050.00,4350.00,25522.50
NIFTY,08-Jul-2025,07-Aug-2025,PE,24250.00,-,-,-,105.55,-,70.75,-,-,-,-,-,25522.50
NIFTY,08-Jul-2025,07-Aug-2025,PE,23650.00,22.05,22.05,19.30,19.30,19.30,19.30,4.00,71.01,0.06,300.00,150.00,25522.50
NIFTY,08-Jul-2025,07-Aug-2025,PE,24450.00,-,-,-,141.95,-,99.55,-,-,-,-,-,25522.50
NIFTY,08-Jul-2025,07-Aug-2025,PE,25100.00,189.85,191.35,148.70,152.05,148.70,152.05,18.00,341.20,2.35,1200.00,-,25522.50
NIFTY,08-Jul-2025,07-Aug-2025,PE,26400.00,-,-,-,1056.75,-,955.70,-,-,-,-,-,25522.50
NIFTY,08-Jul-2025,07-Aug-2025,PE,26450.00,-,-,-,1095.15,-,993.65,-,-,-,-,-,25522.50
NIFTY,08-Jul-2025,07-Aug-2025,PE,26800.00,-,-,-,1369.90,-,1267.65,-,-,-,-,-,25522.50
NIFTY,08-Jul-2025,07-Aug-2025,PE,25300.00,255.95,255.95,200.00,203.40,203.00,203.40,61.00,1167.08,9.60,6600.00,1950.00,25522.50
NIFTY,08-Jul-2025,07-Aug-2025,PE,23700.00,-,-,-,41.80,-,24.25,-,-,-,-,-,25522.50
NIFTY,08-Jul-2025,07-Aug-2025,PE,25550.00,361.50,361.50,295.15,299.90,296.05,299.90,15.00,290.99,3.55,1050.00,75.00,25522.50
NIFTY,08-Jul-2025,07-Aug-2025,PE,27000.00,-,-,-,1537.80,-,1436.00,-,-,-,-,-,25522.50
NIFTY,08-Jul-2025,07-Aug-2025,PE,24000.00,33.50,33.55,24.80,26.15,25.95,26.15,139.00,2504.95,2.95,8475.00,3000.00,25522.50
NIFTY,08-Jul-2025,07-Aug-2025,PE,24500.00,72.10,72.55,48.40,54.05,54.70,54.05,214.00,3941.76,9.51,10425.00,5325.00,25522.50
NIFTY,08-Jul-2025,07-Aug-2025,PE,26700.00,-,-,-,1288.60,-,1186.35,-,-,-,-,-,25522.50
NIFTY,08-Jul-2025,07-Aug-2025,PE,23900.00,37.80,37.80,23.00,24.75,24.75,36.65,13.00,233.32,0.30,1650.00,75.00,25522.50
NIFTY,08-Jul-2025,07-Aug-2025,PE,26850.00,-,-,-,1411.20,-,1309.05,-,-,-,-,-,25522.50
NIFTY,08-Jul-2025,07-Aug-2025,PE,25150.00,204.70,206.00,163.05,165.45,163.05,165.45,9.00,171.01,1.24,225.00,75.00,25522.50
NIFTY,08-Jul-2025,07-Aug-2025,PE,24200.00,46.40,46.90,34.45,34.75,34.75,34.75,47.00,854.50,1.45,3675.00,2025.00,25522.50
NIFTY,08-Jul-2025,07-Aug-2025,PE,23950.00,-,-,-,65.05,-,40.45,-,-,-,-,-,25522.50
NIFTY,08-Jul-2025,07-Aug-2025,PE,26150.00,-,-,-,879.70,-,781.20,-,-,-,-,-,25522.50
NIFTY,08-Jul-2025,07-Aug-2025,PE,23850.00,-,-,-,54.75,-,33.15,-,-,-,-,-,25522.50
NIFTY,08-Jul-2025,07-Aug-2025,PE,26050.00,-,-,-,813.40,-,716.40,-,-,-,-,-,25522.50
NIFTY,09-Jul-2025,07-Aug-2025,PE,26750.00,-,-,-,1329.00,-,1261.65,-,-,-,-,-,25476.10
NIFTY,09-Jul-2025,07-Aug-2025,PE,26850.00,-,-,-,1411.20,-,1345.45,-,-,-,-,-,25476.10
NIFTY,09-Jul-2025,07-Aug-2025,PE,25300.00,206.60,215.60,185.25,205.30,205.30,205.30,137.00,2619.98,20.40,5625.00,-975.00,25476.10
NIFTY,09-Jul-2025,07-Aug-2025,PE,26900.00,-,-,-,1453.00,-,1388.05,-,-,-,-,-,25476.10
NIFTY,09-Jul-2025,07-Aug-2025,PE,26250.00,-,-,-,948.70,-,875.50,-,-,-,-,-,25476.10
NIFTY,09-Jul-2025,07-Aug-2025,PE,25800.00,409.90,453.00,390.00,428.90,432.50,428.90,141.00,2771.81,43.46,8700.00,6750.00,25476.10
NIFTY,09-Jul-2025,07-Aug-2025,PE,25000.00,128.55,132.00,111.60,125.90,127.05,125.90,481.00,9060.90,42.15,27150.00,18225.00,25476.10
NIFTY,09-Jul-2025,07-Aug-2025,PE,25150.00,163.35,164.30,148.80,159.00,159.00,159.00,13.00,246.74,1.53,225.00,-,25476.10
NIFTY,09-Jul-2025,07-Aug-2025,PE,25950.00,-,-,-,749.75,-,675.75,-,-,-,-,-,25476.10
NIFTY,09-Jul-2025,07-Aug-2025,PE,24650.00,-,-,-,187.25,-,140.25,-,-,-,-,-,25476.10
NIFTY,09-Jul-2025,07-Aug-2025,PE,24300.00,-,-,-,113.85,-,78.80,-,-,-,-,-,25476.10
NIFTY,09-Jul-2025,07-Aug-2025,PE,23850.00,-,-,-,54.75,-,33.40,-,-,-,-,-,25476.10
NIFTY,09-Jul-2025,07-Aug-2025,PE,26400.00,-,-,-,1056.75,-,986.05,-,-,-,-,-,25476.10
NIFTY,09-Jul-2025,07-Aug-2025,PE,25650.00,350.10,370.00,317.45,356.55,356.55,503.85,12.00,233.89,3.04,300.00,75.00,25476.10
NIFTY,09-Jul-2025,07-Aug-2025,PE,23950.00,-,-,-,65.05,-,40.90,-,-,-,-,-,25476.10
NIFTY,09-Jul-2025,07-Aug-2025,PE,27000.00,-,-,-,1537.80,-,1474.50,-,-,-,-,-,25476.10
NIFTY,09-Jul-2025,07-Aug-2025,PE,24400.00,-,-,-,132.10,-,93.60,-,-,-,-,-,25476.10
NIFTY,09-Jul-2025,07-Aug-2025,PE,25100.00,150.85,160.00,134.70,149.55,148.15,149.55,101.00,1912.12,10.80,4350.00,3150.00,25476.10
NIFTY,09-Jul-2025,07-Aug-2025,PE,24950.00,117.10,121.55,106.50,116.65,116.95,116.65,10.00,188.00,0.87,150.00,-450.00,25476.10
NIFTY,09-Jul-2025,07-Aug-2025,PE,23800.00,17.00,18.65,15.85,18.45,18.50,18.45,48.00,857.44,0.64,9450.00,2400.00,25476.10
NIFTY,09-Jul-2025,07-Aug-2025,PE,25700.00,370.00,375.00,340.00,375.00,375.00,530.50,7.00,136.79,1.87,5625.00,225.00,25476.10
NIFTY,09-Jul-2025,07-Aug-2025,PE,25350.00,223.15,232.00,202.30,225.35,225.70,225.35,22.00,421.86,3.59,525.00,-150.00,25476.10
NIFTY,09-Jul-2025,07-Aug-2025,PE,25600.00,325.45,338.95,295.00,326.50,324.70,326.50,133.00,2584.57,30.97,9450.00,3450.00,25476.10
NIFTY,09-Jul-2025,07-Aug-2025,PE,27250.00,-,-,-,1756.35,-,1697.35,-,-,-,-,-,25476.10
NIFTY,09-Jul-2025,07-Aug-2025,PE,24550.00,-,-,-,163.45,-,119.85,-,-,-,-,-,25476.10
NIFTY,09-Jul-2025,07-Aug-2025,PE,24700.00,76.60,82.00,66.00,75.45,74.55,75.45,88.00,1634.90,4.70,6450.00,1800.00,25476.10
NIFTY,09-Jul-2025,07-Aug-2025,PE,26050.00,-,-,-,813.40,-,739.40,-,-,-,-,-,25476.10
NIFTY,09-Jul-2025,07-Aug-2025,PE,23650.00,19.30,19.30,12.95,15.25,15.00,15.25,110.00,1952.31,1.19,6675.00,6375.00,25476.10
NIFTY,09-Jul-2025,07-Aug-2025,PE,24900.00,108.60,111.90,95.00,106.85,107.65,106.85,47.00,881.36,3.64,3375.00,1125.00,25476.10
NIFTY,09-Jul-2025,07-Aug-2025,PE,26450.00,-,-,-,1095.15,-,1022.85,-,-,-,-,-,25476.10
NIFTY,09-Jul-2025,07-Aug-2025,PE,24350.00,-,-,-,71.00,71.00,85.95,-,-,-,300.00,-,25476.10
NIFTY,09-Jul-2025,07-Aug-2025,PE,24600.00,63.00,67.00,55.95,67.00,67.00,129.75,17.00,314.41,0.76,1725.00,900.00,25476.10
NIFTY,09-Jul-2025,07-Aug-2025,PE,25500.00,281.55,300.00,251.80,281.55,281.70,281.55,211.00,4078.41,43.03,15150.00,2625.00,25476.10
NIFTY,09-Jul-2025,07-Aug-2025,PE,26500.00,-,-,-,1132.05,-,1061.25,-,-,-,-,-,25476.10
NIFTY,09-Jul-2025,07-Aug-2025,PE,27150.00,-,-,-,1667.85,-,1607.15,-,-,-,-,-,25476.10
NIFTY,09-Jul-2025,07-Aug-2025,PE,26150.00,-,-,-,879.70,-,806.00,-,-,-,-,-,25476.10
NIFTY,09-Jul-2025,07-Aug-2025,PE,24800.00,90.90,90.90,80.35,88.70,89.35,88.70,61.00,1138.41,3.81,5025.00,750.00,25476.10
NIFTY,09-Jul-2025,07-Aug-2025,PE,24200.00,30.55,33.60,28.55,32.80,32.80,32.80,31.00,563.36,0.71,4050.00,375.00,25476.10
NIFTY,09-Jul-2025,07-Aug-2025,PE,24000.00,25.00,25.35,20.50,24.55,24.70,24.55,106.00,1909.85,1.85,8175.00,-300.00,25476.10
NIFTY,09-Jul-2025,07-Aug-2025,PE,26350.00,-,-,-,1020.15,-,947.75,-,-,-,-,-,25476.10
NIFTY,09-Jul-2025,07-Aug-2025,PE,26600.00,-,-,-,1209.30,-,1139.75,-,-,-,-,-,25476.10
NIFTY,09-Jul-2025,07-Aug-2025,PE,25200.00,176.75,180.95,158.00,175.60,175.55,175.60,47.00,894.33,6.03,3075.00,825.00,25476.10
NIFTY,09-Jul-2025,07-Aug-2025,PE,25400.00,240.80,252.40,218.00,243.20,243.10,243.20,78.00,1499.65,13.75,6525.00,-450.00,25476.10
NIFTY,09-Jul-2025,07-Aug-2025,PE,23700.00,16.00,16.00,16.00,16.00,16.00,24.35,4.00,71.15,0.05,300.00,300.00,25476.10
NIFTY,09-Jul-2025,07-Aug-2025,PE,26550.00,-,-,-,1170.40,-,1100.20,-,-,-,-,-,25476.10
NIFTY,09-Jul-2025,07-Aug-2025,PE,26950.00,-,-,-,1495.20,-,1431.05,-,-,-,-,-,25476.10
NIFTY,09-Jul-2025,07-Aug-2025,PE,25450.00,259.65,266.25,238.20,263.25,263.30,263.25,15.00,289.17,2.86,900.00,-375.00,25476.10
NIFTY,09-Jul-2025,07-Aug-2025,PE,24100.00,-,-,-,83.35,-,54.75,-,-,-,-,-,25476.10
NIFTY,09-Jul-2025,07-Aug-2025,PE,24250.00,-,-,-,105.55,-,72.10,-,-,-,-,-,25476.10
NIFTY,09-Jul-2025,07-Aug-2025,PE,24500.00,60.15,62.20,46.10,53.70,53.00,53.70,430.00,7917.53,16.28,17775.00,7350.00,25476.10
NIFTY,09-Jul-2025,07-Aug-2025,PE,25550.00,303.20,311.25,273.65,308.50,308.50,453.15,24.00,465.23,5.33,1050.00,-,25476.10
NIFTY,09-Jul-2025,07-Aug-2025,PE,26300.00,-,-,-,984.10,-,911.30,-,-,-,-,-,25476.10
NIFTY,09-Jul-2025,07-Aug-2025,PE,24850.00,99.00,103.00,83.00,98.30,97.15,98.30,56.00,1047.59,3.89,2175.00,450.00,25476.10
NIFTY,09-Jul-2025,07-Aug-2025,PE,25050.00,138.25,140.45,123.80,137.05,137.05,137.05,11.00,207.76,1.10,300.00,150.00,25476.10
NIFTY,09-Jul-2025,07-Aug-2025,PE,25850.00,-,-,-,521.85,521.85,615.25,-,-,-,-,-,25476.10
NIFTY,09-Jul-2025,07-Aug-2025,PE,27200.00,-,-,-,1711.95,-,1652.10,-,-,-,-,-,25476.10
NIFTY,09-Jul-2025,07-Aug-2025,PE,24450.00,-,-,-,141.95,-,101.80,-,-,-,-,-,25476.10
NIFTY,09-Jul-2025,07-Aug-2025,PE,24050.00,-,-,-,76.85,-,49.75,-,-,-,-,-,25476.10
NIFTY,09-Jul-2025,07-Aug-2025,PE,25750.00,438.45,438.45,438.45,438.45,438.45,557.95,1.00,19.64,0.33,75.00,75.00,25476.10
NIFTY,09-Jul-2025,07-Aug-2025,PE,26800.00,-,-,-,1369.90,-,1303.35,-,-,-,-,-,25476.10
NIFTY,09-Jul-2025,07-Aug-2025,PE,27050.00,-,-,-,1580.75,-,1518.35,-,-,-,-,-,25476.10
NIFTY,09-Jul-2025,07-Aug-2025,PE,24750.00,83.40,85.00,72.50,72.50,72.50,72.50,21.00,391.07,1.25,1500.00,-75.00,25476.10
NIFTY,09-Jul-2025,07-Aug-2025,PE,26100.00,-,-,-,846.20,-,772.30,-,-,-,-,-,25476.10
NIFTY,09-Jul-2025,07-Aug-2025,PE,24150.00,-,-,-,79.70,79.70,60.10,-,-,-,75.00,-,25476.10
NIFTY,09-Jul-2025,07-Aug-2025,PE,26700.00,-,-,-,1288.60,-,1220.50,-,-,-,-,-,25476.10
NIFTY,09-Jul-2025,07-Aug-2025,PE,23750.00,-,-,-,45.80,-,27.10,-,-,-,-,-,25476.10
NIFTY,09-Jul-2025,07-Aug-2025,PE,25250.00,191.15,194.65,175.10,185.85,185.85,320.65,22.00,419.71,3.09,300.00,-525.00,25476.10
NIFTY,09-Jul-2025,07-Aug-2025,PE,23900.00,19.45,22.30,17.75,20.15,20.55,20.15,16.00,287.03,0.23,2100.00,450.00,25476.10
NIFTY,09-Jul-2025,07-Aug-2025,PE,26000.00,553.90,571.55,515.00,557.55,557.55,557.55,79.00,1571.95,31.45,6525.00,1575.00,25476.10
NIFTY,09-Jul-2025,07-Aug-2025,PE,26200.00,-,-,-,913.90,-,840.40,-,-,-,-,-,25476.10
NIFTY,09-Jul-2025,07-Aug-2025,PE,27100.00,-,-,-,1624.15,-,1562.60,-,-,-,-,-,25476.10
NIFTY,09-Jul-2025,07-Aug-2025,PE,25900.00,-,-,-,550.00,550.00,645.10,-,-,-,75.00,-,25476.10
NIFTY,09-Jul-2025,07-Aug-2025,PE,26650.00,-,-,-,1248.70,-,1179.85,-,-,-,-,-,25476.10
NIFTY,10-Jul-2025,07-Aug-2025,PE,24250.00,-,-,-,105.55,-,83.40,-,-,-,-,-,25355.25
NIFTY,10-Jul-2025,07-Aug-2025,PE,24750.00,98.00,98.00,84.05,94.25,93.85,94.25,62.00,1155.11,4.24,3075.00,1575.00,25355.25
NIFTY,10-Jul-2025,07-Aug-2025,PE,26450.00,-,-,-,1095.15,-,1112.20,-,-,-,-,-,25355.25
NIFTY,10-Jul-2025,07-Aug-2025,PE,25600.00,330.50,387.85,330.10,380.20,387.85,380.20,36.00,701.06,9.86,9600.00,150.00,25355.25
NIFTY,10-Jul-2025,07-Aug-2025,PE,27250.00,-,-,-,1756.35,-,1808.50,-,-,-,-,-,25355.25
NIFTY,10-Jul-2025,07-Aug-2025,PE,24850.00,96.85,119.40,94.40,110.85,111.20,110.85,48.00,898.40,3.80,3075.00,900.00,25355.25
NIFTY,10-Jul-2025,07-Aug-2025,PE,24400.00,-,-,-,132.10,-,107.90,-,-,-,-,-,25355.25
NIFTY,10-Jul-2025,07-Aug-2025,PE,25550.00,306.30,361.15,302.70,353.60,356.65,353.60,26.00,504.82,6.60,1050.00,-,25355.25
NIFTY,10-Jul-2025,07-Aug-2025,PE,25100.00,148.40,181.75,148.40,172.40,174.10,172.40,194.00,3676.53,24.48,7125.00,2775.00,25355.25
NIFTY,10-Jul-2025,07-Aug-2025,PE,26850.00,-,-,-,1411.20,-,1447.35,-,-,-,-,-,25355.25
NIFTY,10-Jul-2025,07-Aug-2025,PE,24050.00,-,-,-,76.85,-,57.75,-,-,-,-,-,25355.25
NIFTY,10-Jul-2025,07-Aug-2025,PE,27000.00,-,-,-,1537.80,-,1580.25,-,-,-,-,-,25355.25
NIFTY,10-Jul-2025,07-Aug-2025,PE,25150.00,161.20,193.40,161.20,187.00,189.35,187.00,29.00,550.94,3.93,300.00,75.00,25355.25
NIFTY,10-Jul-2025,07-Aug-2025,PE,25850.00,500.25,500.25,500.25,500.25,500.25,680.95,1.00,19.76,0.38,75.00,75.00,25355.25
NIFTY,10-Jul-2025,07-Aug-2025,PE,25300.00,206.00,250.55,205.90,242.35,239.95,242.35,177.00,3389.91,31.33,10350.00,4725.00,25355.25
NIFTY,10-Jul-2025,07-Aug-2025,PE,23800.00,17.50,20.55,16.75,17.90,17.95,17.90,192.00,3429.78,2.58,15750.00,6300.00,25355.25
NIFTY,10-Jul-2025,07-Aug-2025,PE,25500.00,283.80,338.85,274.50,327.95,331.00,327.95,345.00,6679.11,80.99,18150.00,3000.00,25355.25
NIFTY,10-Jul-2025,07-Aug-2025,PE,25450.00,262.35,309.25,251.05,306.40,307.40,306.40,41.00,791.48,8.89,900.00,-,25355.25
NIFTY,10-Jul-2025,07-Aug-2025,PE,27050.00,-,-,-,1580.75,-,1625.30,-,-,-,-,-,25355.25
NIFTY,10-Jul-2025,07-Aug-2025,PE,25900.00,-,-,-,550.00,550.00,712.90,-,-,-,75.00,-,25355.25
NIFTY,10-Jul-2025,07-Aug-2025,PE,25950.00,-,-,-,749.75,-,745.65,-,-,-,-,-,25355.25
NIFTY,10-Jul-2025,07-Aug-2025,PE,26750.00,-,-,-,1329.00,-,1360.70,-,-,-,-,-,25355.25
NIFTY,10-Jul-2025,07-Aug-2025,PE,25700.00,427.00,430.40,427.00,430.40,430.40,430.40,2.00,39.19,0.64,5700.00,75.00,25355.25
NIFTY,10-Jul-2025,07-Aug-2025,PE,25350.00,223.75,265.75,223.75,259.50,261.65,259.50,46.00,883.34,8.77,825.00,300.00,25355.25
NIFTY,10-Jul-2025,07-Aug-2025,PE,26250.00,-,-,-,948.70,-,958.55,-,-,-,-,-,25355.25
NIFTY,10-Jul-2025,07-Aug-2025,PE,23750.00,-,-,-,45.80,-,31.60,-,-,-,-,-,25355.25
NIFTY,10-Jul-2025,07-Aug-2025,PE,26300.00,-,-,-,984.10,-,995.35,-,-,-,-,-,25355.25
NIFTY,10-Jul-2025,07-Aug-2025,PE,24650.00,-,-,-,187.25,-,160.70,-,-,-,-,-,25355.25
NIFTY,10-Jul-2025,07-Aug-2025,PE,26800.00,-,-,-,1369.90,-,1403.80,-,-,-,-,-,25355.25
NIFTY,10-Jul-2025,07-Aug-2025,PE,27200.00,-,-,-,1711.95,-,1762.25,-,-,-,-,-,25355.25
NIFTY,10-Jul-2025,07-Aug-2025,PE,26500.00,-,-,-,1132.05,-,1152.30,-,-,-,-,-,25355.25
NIFTY,10-Jul-2025,07-Aug-2025,PE,24350.00,-,-,-,71.00,71.00,99.20,-,-,-,300.00,-,25355.25
NIFTY,10-Jul-2025,07-Aug-2025,PE,24150.00,-,-,-,79.70,79.70,69.65,-,-,-,75.00,-,25355.25
NIFTY,10-Jul-2025,07-Aug-2025,PE,26700.00,-,-,-,1288.60,-,1318.05,-,-,-,-,-,25355.25
NIFTY,10-Jul-2025,07-Aug-2025,PE,23850.00,-,-,-,54.75,-,38.95,-,-,-,-,-,25355.25
NIFTY,10-Jul-2025,07-Aug-2025,PE,24600.00,65.00,77.00,65.00,70.40,68.00,70.40,38.00,703.10,2.00,3525.00,1800.00,25355.25
NIFTY,10-Jul-2025,07-Aug-2025,PE,26200.00,-,-,-,913.90,-,920.40,-,-,-,-,-,25355.25
NIFTY,10-Jul-2025,07-Aug-2025,PE,23950.00,-,-,-,65.05,-,47.60,-,-,-,-,-,25355.25
NIFTY,10-Jul-2025,07-Aug-2025,PE,26150.00,-,-,-,879.70,-,884.05,-,-,-,-,-,25355.25
NIFTY,10-Jul-2025,07-Aug-2025,PE,24000.00,24.70,28.65,22.10,24.45,24.00,24.45,217.00,3910.13,4.13,13725.00,5550.00,25355.25
NIFTY,10-Jul-2025,07-Aug-2025,PE,24950.00,114.95,137.40,113.15,133.05,133.05,133.05,25.00,470.18,2.37,450.00,300.00,25355.25
NIFTY,10-Jul-2025,07-Aug-2025,PE,26350.00,-,-,-,1020.15,-,1033.70,-,-,-,-,-,25355.25
NIFTY,10-Jul-2025,07-Aug-2025,PE,26550.00,-,-,-,1170.40,-,1193.00,-,-,-,-,-,25355.25
NIFTY,10-Jul-2025,07-Aug-2025,PE,26950.00,-,-,-,1495.20,-,1535.55,-,-,-,-,-,25355.25
NIFTY,10-Jul-2025,07-Aug-2025,PE,25000.00,124.15,151.95,120.00,143.20,147.00,143.20,354.00,6674.77,37.27,30975.00,3825.00,25355.25
NIFTY,10-Jul-2025,07-Aug-2025,PE,26000.00,560.05,641.20,560.05,641.20,641.20,641.20,18.00,358.79,7.79,5700.00,-825.00,25355.25
NIFTY,10-Jul-2025,07-Aug-2025,PE,23900.00,21.15,22.10,21.15,21.95,21.95,43.10,38.00,681.77,0.62,4125.00,2025.00,25355.25
NIFTY,10-Jul-2025,07-Aug-2025,PE,24800.00,90.35,109.05,90.35,100.90,103.00,100.90,116.00,2166.31,8.71,6300.00,1275.00,25355.25
NIFTY,10-Jul-2025,07-Aug-2025,PE,26650.00,-,-,-,1248.70,-,1275.85,-,-,-,-,-,25355.25
NIFTY,10-Jul-2025,07-Aug-2025,PE,24900.00,105.55,130.00,103.45,121.30,125.10,121.30,72.00,1350.97,6.37,6075.00,2700.00,25355.25
NIFTY,10-Jul-2025,07-Aug-2025,PE,24700.00,75.45,90.00,75.45,81.20,81.20,81.20,10.00,185.87,0.62,6975.00,525.00,25355.25
NIFTY,10-Jul-2025,07-Aug-2025,PE,26600.00,-,-,-,1209.30,-,1234.15,-,-,-,-,-,25355.25
NIFTY,10-Jul-2025,07-Aug-2025,PE,25750.00,-,-,-,438.45,438.45,619.35,-,-,-,75.00,-,25355.25
NIFTY,10-Jul-2025,07-Aug-2025,PE,25650.00,355.50,418.70,355.50,414.10,418.70,414.10,22.00,429.72,6.50,525.00,225.00,25355.25
NIFTY,10-Jul-2025,07-Aug-2025,PE,25800.00,482.15,482.15,459.60,475.00,475.00,649.75,4.00,78.81,1.41,8850.00,150.00,25355.25
NIFTY,10-Jul-2025,07-Aug-2025,PE,26400.00,-,-,-,1056.75,-,1072.65,-,-,-,-,-,25355.25
NIFTY,10-Jul-2025,07-Aug-2025,PE,25050.00,136.40,163.70,135.30,163.70,163.70,163.70,26.00,491.38,2.90,675.00,375.00,25355.25
NIFTY,10-Jul-2025,07-Aug-2025,PE,24500.00,50.05,64.50,47.35,57.65,59.00,57.65,400.00,7366.70,16.70,30375.00,12600.00,25355.25
NIFTY,10-Jul-2025,07-Aug-2025,PE,24100.00,-,-,-,83.35,-,63.50,-,-,-,-,-,25355.25
NIFTY,10-Jul-2025,07-Aug-2025,PE,27150.00,-,-,-,1667.85,-,1716.30,-,-,-,-,-,25355.25
NIFTY,10-Jul-2025,07-Aug-2025,PE,24300.00,-,-,-,113.85,-,91.00,-,-,-,-,-,25355.25
NIFTY,10-Jul-2025,07-Aug-2025,PE,24450.00,-,-,-,141.95,-,117.20,-,-,-,-,-,25355.25
NIFTY,10-Jul-2025,07-Aug-2025,PE,23650.00,14.00,19.60,13.15,13.95,14.00,13.95,102.00,1810.39,1.17,11550.00,4875.00,25355.25
NIFTY,10-Jul-2025,07-Aug-2025,PE,23700.00,14.10,17.05,14.00,15.00,15.00,15.00,75.00,1334.00,0.87,5325.00,5025.00,25355.25
NIFTY,10-Jul-2025,07-Aug-2025,PE,26900.00,-,-,-,1453.00,-,1491.25,-,-,-,-,-,25355.25
NIFTY,10-Jul-2025,07-Aug-2025,PE,24200.00,32.80,38.00,27.80,33.65,33.10,33.65,118.00,2144.63,2.93,9450.00,5400.00,25355.25
NIFTY,10-Jul-2025,07-Aug-2025,PE,26050.00,-,-,-,813.40,-,813.40,-,-,-,-,-,25355.25
NIFTY,10-Jul-2025,07-Aug-2025,PE,27100.00,-,-,-,1624.15,-,1670.65,-,-,-,-,-,25355.25
NIFTY,10-Jul-2025,07-Aug-2025,PE,25400.00,242.05,291.75,242.05,283.90,285.35,283.90,190.00,3658.68,39.18,9750.00,3225.00,25355.25
NIFTY,10-Jul-2025,07-Aug-2025,PE,25200.00,175.00,210.55,170.65,204.85,204.00,204.85,87.00,1657.04,12.74,5175.00,2100.00,25355.25
NIFTY,10-Jul-2025,07-Aug-2025,PE,26100.00,-,-,-,846.20,-,848.35,-,-,-,-,-,25355.25
NIFTY,10-Jul-2025,07-Aug-2025,PE,25250.00,189.55,230.25,189.55,224.10,222.65,224.10,35.00,668.42,5.61,675.00,375.00,25355.25
NIFTY,10-Jul-2025,07-Aug-2025,PE,24550.00,-,-,-,163.45,-,137.65,-,-,-,-,-,25355.25
NIFTY,11-Jul-2025,07-Aug-2025,PE,24750.00,109.45,136.70,95.20,129.30,132.40,129.30,84.00,1566.99,7.74,3600.00,525.00,25149.85
NIFTY,11-Jul-2025,07-Aug-2025,PE,24300.00,-,-,-,113.85,-,120.85,-,-,-,-,-,25149.85
NIFTY,11-Jul-2025,07-Aug-2025,PE,24950.00,156.60,194.35,138.05,183.10,186.35,183.10,53.00,998.69,6.93,2025.00,1575.00,25149.85
NIFTY,11-Jul-2025,07-Aug-2025,PE,24850.00,130.75,160.10,123.15,156.45,157.70,156.45,56.00,1049.97,6.27,4950.00,1875.00,25149.85
NIFTY,11-Jul-2025,07-Aug-2025,PE,25500.00,364.50,446.60,350.50,431.10,438.80,431.10,151.00,2933.01,45.14,19425.00,1275.00,25149.85
NIFTY,11-Jul-2025,07-Aug-2025,PE,23700.00,17.00,24.70,14.65,21.45,22.40,21.45,104.00,1850.09,1.49,5250.00,-75.00,25149.85
NIFTY,11-Jul-2025,07-Aug-2025,PE,25900.00,-,-,-,550.00,550.00,845.20,-,-,-,75.00,-,25149.85
NIFTY,11-Jul-2025,07-Aug-2025,PE,27050.00,-,-,-,1580.75,-,1814.25,-,-,-,-,-,25149.85
NIFTY,11-Jul-2025,07-Aug-2025,PE,27200.00,-,-,-,1711.95,-,1955.30,-,-,-,-,-,25149.85
NIFTY,11-Jul-2025,07-Aug-2025,PE,25000.00,169.80,210.00,148.75,199.70,204.00,199.70,1023.00,19323.57,142.32,43050.00,12075.00,25149.85
NIFTY,11-Jul-2025,07-Aug-2025,PE,25250.00,260.30,313.30,240.00,295.80,297.90,295.80,81.00,1550.76,16.82,2400.00,1725.00,25149.85
NIFTY,11-Jul-2025,07-Aug-2025,PE,26400.00,-,-,-,1056.75,-,1235.15,-,-,-,-,-,25149.85
NIFTY,11-Jul-2025,07-Aug-2025,PE,27100.00,-,-,-,1624.15,-,1861.05,-,-,-,-,-,25149.85
NIFTY,11-Jul-2025,07-Aug-2025,PE,26950.00,-,-,-,1495.20,-,1721.40,-,-,-,-,-,25149.85
NIFTY,11-Jul-2025,07-Aug-2025,PE,26100.00,-,-,-,846.20,-,993.80,-,-,-,-,-,25149.85
NIFTY,11-Jul-2025,07-Aug-2025,PE,25800.00,535.75,535.75,535.75,535.75,535.75,775.20,1.00,19.75,0.40,8850.00,-,25149.85
NIFTY,11-Jul-2025,07-Aug-2025,PE,23600.00,24.85,24.90,20.00,22.95,20.00,22.95,5.00,88.59,0.09,225.00,225.00,25149.85
NIFTY,11-Jul-2025,07-Aug-2025,PE,26750.00,-,-,-,1329.00,-,1539.30,-,-,-,-,-,25149.85
NIFTY,11-Jul-2025,07-Aug-2025,PE,27250.00,-,-,-,1756.35,-,2002.80,-,-,-,-,-,25149.85
NIFTY,11-Jul-2025,07-Aug-2025,PE,24150.00,-,-,-,79.70,79.70,93.55,-,-,-,75.00,-,25149.85
NIFTY,11-Jul-2025,07-Aug-2025,PE,23750.00,-,-,-,45.80,-,43.75,-,-,-,-,-,25149.85
NIFTY,11-Jul-2025,07-Aug-2025,PE,25850.00,-,-,-,500.25,500.25,809.85,-,-,-,75.00,-,25149.85
NIFTY,11-Jul-2025,07-Aug-2025,PE,24400.00,-,-,-,132.10,-,142.25,-,-,-,-,-,25149.85
NIFTY,11-Jul-2025,07-Aug-2025,PE,26250.00,-,-,-,948.70,-,1111.90,-,-,-,-,-,25149.85
NIFTY,11-Jul-2025,07-Aug-2025,PE,25650.00,474.80,548.55,426.60,548.55,548.55,676.00,15.00,294.25,5.69,975.00,450.00,25149.85
NIFTY,11-Jul-2025,07-Aug-2025,PE,24050.00,60.60,60.60,60.60,60.60,60.60,78.20,1.00,18.08,0.05,75.00,75.00,25149.85
NIFTY,11-Jul-2025,07-Aug-2025,PE,26700.00,-,-,-,1288.60,-,1494.60,-,-,-,-,-,25149.85
NIFTY,11-Jul-2025,07-Aug-2025,PE,26350.00,-,-,-,1020.15,-,1193.50,-,-,-,-,-,25149.85
NIFTY,11-Jul-2025,07-Aug-2025,PE,24350.00,-,-,-,71.00,71.00,131.20,-,-,-,300.00,-,25149.85
NIFTY,11-Jul-2025,07-Aug-2025,PE,23950.00,-,-,-,65.05,-,64.90,-,-,-,-,-,25149.85
NIFTY,11-Jul-2025,07-Aug-2025,PE,25350.00,305.25,362.90,278.20,345.10,343.65,345.10,52.00,1001.12,12.47,1350.00,525.00,25149.85
NIFTY,11-Jul-2025,07-Aug-2025,PE,24800.00,120.00,151.45,104.00,140.75,145.25,140.75,241.00,4506.30,23.70,12000.00,5700.00,25149.85
NIFTY,11-Jul-2025,07-Aug-2025,PE,24650.00,-,-,-,187.25,-,207.75,-,-,-,-,-,25149.85
NIFTY,11-Jul-2025,07-Aug-2025,PE,25150.00,221.30,268.00,202.30,257.90,257.50,257.90,78.00,1485.85,14.58,2475.00,2175.00,25149.85
NIFTY,11-Jul-2025,07-Aug-2025,PE,27000.00,-,-,-,1537.80,-,1767.70,-,-,-,-,-,25149.85
NIFTY,11-Jul-2025,07-Aug-2025,PE,26300.00,-,-,-,984.10,-,1152.45,-,-,-,-,-,25149.85
NIFTY,11-Jul-2025,07-Aug-2025,PE,24500.00,62.50,86.60,58.50,81.60,84.00,81.60,609.00,11224.19,33.81,48975.00,18600.00,25149.85
NIFTY,11-Jul-2025,07-Aug-2025,PE,24250.00,-,-,-,105.55,-,111.15,-,-,-,-,-,25149.85
NIFTY,11-Jul-2025,07-Aug-2025,PE,23650.00,16.00,21.60,13.35,19.35,20.00,19.35,149.00,2644.82,1.93,13425.00,1875.00,25149.85
NIFTY,11-Jul-2025,07-Aug-2025,PE,24600.00,77.00,105.20,77.00,98.70,100.25,98.70,100.00,1852.08,7.08,8775.00,5250.00,25149.85
NIFTY,11-Jul-2025,07-Aug-2025,PE,24550.00,-,-,-,163.45,-,179.25,-,-,-,-,-,25149.85
NIFTY,11-Jul-2025,07-Aug-2025,PE,25300.00,282.05,337.95,253.20,326.85,329.00,326.85,286.00,5490.56,63.71,7575.00,-2775.00,25149.85
NIFTY,11-Jul-2025,07-Aug-2025,PE,24100.00,-,-,-,83.35,-,85.60,-,-,-,-,-,25149.85
NIFTY,11-Jul-2025,07-Aug-2025,PE,25050.00,186.55,225.10,167.00,220.40,220.40,353.95,45.00,852.31,6.88,1950.00,1275.00,25149.85
NIFTY,11-Jul-2025,07-Aug-2025,PE,25750.00,-,-,-,438.45,438.45,741.35,-,-,-,75.00,-,25149.85
NIFTY,11-Jul-2025,07-Aug-2025,PE,24450.00,-,-,-,141.95,-,153.90,-,-,-,-,-,25149.85
NIFTY,11-Jul-2025,07-Aug-2025,PE,26600.00,-,-,-,1209.30,-,1406.40,-,-,-,-,-,25149.85
NIFTY,11-Jul-2025,07-Aug-2025,PE,26000.00,700.20,798.30,688.15,762.95,762.95,918.05,19.00,381.30,10.80,6000.00,300.00,25149.85
NIFTY,11-Jul-2025,07-Aug-2025,PE,26200.00,-,-,-,913.90,-,1071.95,-,-,-,-,-,25149.85
NIFTY,11-Jul-2025,07-Aug-2025,PE,26550.00,-,-,-,1170.40,-,1362.90,-,-,-,-,-,25149.85
NIFTY,11-Jul-2025,07-Aug-2025,PE,23850.00,-,-,-,54.75,-,53.50,-,-,-,-,-,25149.85
NIFTY,11-Jul-2025,07-Aug-2025,PE,23900.00,-,-,-,21.95,21.95,58.95,-,-,-,4125.00,-,25149.85
NIFTY,11-Jul-2025,07-Aug-2025,PE,25450.00,355.40,406.05,330.15,406.05,406.05,554.95,15.00,290.30,3.99,525.00,-375.00,25149.85
NIFTY,11-Jul-2025,07-Aug-2025,PE,25400.00,325.00,391.40,295.00,384.00,384.00,384.00,138.00,2663.95,35.05,8400.00,-1350.00,25149.85
NIFTY,11-Jul-2025,07-Aug-2025,PE,26450.00,-,-,-,1095.15,-,1277.25,-,-,-,-,-,25149.85
NIFTY,11-Jul-2025,07-Aug-2025,PE,24700.00,99.75,127.00,84.45,117.10,121.50,117.10,239.00,4445.94,18.46,12225.00,5250.00,25149.85
NIFTY,11-Jul-2025,07-Aug-2025,PE,23800.00,19.95,26.60,17.80,24.30,24.05,24.30,262.00,4681.13,4.43,13950.00,-1800.00,25149.85
NIFTY,11-Jul-2025,07-Aug-2025,PE,25200.00,239.20,290.15,213.60,275.55,280.75,275.55,298.00,5690.85,58.65,10500.00,5325.00,25149.85
NIFTY,11-Jul-2025,07-Aug-2025,PE,24200.00,37.45,52.90,34.60,47.20,50.00,47.20,254.00,4618.84,8.74,14475.00,5025.00,25149.85
NIFTY,11-Jul-2025,07-Aug-2025,PE,27150.00,-,-,-,1667.85,-,1908.05,-,-,-,-,-,25149.85
NIFTY,11-Jul-2025,07-Aug-2025,PE,26150.00,-,-,-,879.70,-,1032.55,-,-,-,-,-,25149.85
NIFTY,11-Jul-2025,07-Aug-2025,PE,24900.00,143.00,177.00,128.00,164.90,170.35,164.90,167.00,3138.54,19.82,9975.00,3900.00,25149.85
NIFTY,11-Jul-2025,07-Aug-2025,PE,25100.00,203.70,247.90,179.95,240.25,244.50,240.25,185.00,3513.95,31.32,10650.00,3525.00,25149.85
NIFTY,11-Jul-2025,07-Aug-2025,PE,26900.00,-,-,-,1453.00,-,1675.40,-,-,-,-,-,25149.85
NIFTY,11-Jul-2025,07-Aug-2025,PE,25950.00,-,-,-,749.75,-,881.25,-,-,-,-,-,25149.85
NIFTY,11-Jul-2025,07-Aug-2025,PE,26050.00,-,-,-,813.40,-,956.70,-,-,-,-,-,25149.85
NIFTY,11-Jul-2025,07-Aug-2025,PE,25550.00,411.80,482.15,382.60,460.25,460.25,613.80,27.00,526.27,8.88,1275.00,225.00,25149.85
NIFTY,11-Jul-2025,07-Aug-2025,PE,25700.00,-,-,-,430.40,430.40,708.30,-,-,-,5700.00,-,25149.85
NIFTY,11-Jul-2025,07-Aug-2025,PE,25600.00,442.50,515.15,405.00,492.35,492.35,644.50,64.00,1250.39,21.59,9975.00,375.00,25149.85
NIFTY,11-Jul-2025,07-Aug-2025,PE,26650.00,-,-,-,1248.70,-,1450.30,-,-,-,-,-,25149.85
NIFTY,11-Jul-2025,07-Aug-2025,PE,26850.00,-,-,-,1411.20,-,1629.70,-,-,-,-,-,25149.85
NIFTY,11-Jul-2025,07-Aug-2025,PE,26800.00,-,-,-,1369.90,-,1584.35,-,-,-,-,-,25149.85
NIFTY,11-Jul-2025,07-Aug-2025,PE,24000.00,27.05,36.70,24.50,34.90,36.30,34.90,431.00,7768.03,10.03,18675.00,4950.00,25149.85
NIFTY,11-Jul-2025,07-Aug-2025,PE,26500.00,-,-,-,1132.05,-,1319.85,-,-,-,-,-,25149.85
NIFTY,14-Jul-2025,07-Aug-2025,PE,23400.00,18.60,18.60,12.70,12.70,12.70,17.70,9.00,158.06,0.11,375.00,375.00,25082.30
NIFTY,14-Jul-2025,07-Aug-2025,PE,24450.00,88.50,91.90,73.90,76.65,76.50,76.65,71.00,1306.45,4.49,4275.00,4275.00,25082.30
NIFTY,14-Jul-2025,07-Aug-2025,PE,25250.00,322.00,359.75,308.15,313.45,308.15,313.45,43.00,825.09,10.77,3225.00,825.00,25082.30
NIFTY,14-Jul-2025,07-Aug-2025,PE,25000.00,212.00,246.20,200.00,205.80,205.15,205.80,1056.00,19977.93,177.93,57450.00,14400.00,25082.30
NIFTY,14-Jul-2025,07-Aug-2025,PE,25800.00,-,-,-,535.75,535.75,807.15,-,-,-,8850.00,-,25082.30
NIFTY,14-Jul-2025,07-Aug-2025,PE,25850.00,-,-,-,500.25,500.25,843.60,-,-,-,75.00,-,25082.30
NIFTY,14-Jul-2025,07-Aug-2025,PE,25150.00,275.00,308.80,255.10,260.70,262.50,260.70,65.00,1239.70,13.64,3000.00,525.00,25082.30
NIFTY,14-Jul-2025,07-Aug-2025,PE,24300.00,-,-,-,113.85,-,117.85,-,-,-,-,-,25082.30
NIFTY,14-Jul-2025,07-Aug-2025,PE,25350.00,396.00,419.75,354.00,360.10,366.20,360.10,31.00,598.50,9.11,2550.00,1200.00,25082.30
NIFTY,14-Jul-2025,07-Aug-2025,PE,25200.00,299.30,337.70,274.20,287.05,288.75,287.05,224.00,4284.97,51.37,12075.00,1575.00,25082.30
NIFTY,14-Jul-2025,07-Aug-2025,PE,25950.00,-,-,-,749.75,-,918.80,-,-,-,-,-,25082.30
NIFTY,14-Jul-2025,07-Aug-2025,PE,26900.00,-,-,-,1453.00,-,1741.10,-,-,-,-,-,25082.30
NIFTY,14-Jul-2025,07-Aug-2025,PE,25450.00,460.00,477.10,454.40,477.10,477.10,574.75,3.00,58.31,1.04,525.00,-,25082.30
NIFTY,14-Jul-2025,07-Aug-2025,PE,27150.00,-,-,-,1667.85,-,1978.55,-,-,-,-,-,25082.30
NIFTY,14-Jul-2025,07-Aug-2025,PE,25500.00,464.35,520.00,447.30,452.05,454.65,452.05,137.00,2669.86,49.73,20250.00,825.00,25082.30
NIFTY,14-Jul-2025,07-Aug-2025,PE,23800.00,26.50,35.00,23.30,23.80,23.45,23.80,133.00,2376.61,2.56,15300.00,1350.00,25082.30
NIFTY,14-Jul-2025,07-Aug-2025,PE,23650.00,18.00,21.10,15.25,21.05,21.05,32.10,12.00,213.02,0.17,13650.00,225.00,25082.30
NIFTY,14-Jul-2025,07-Aug-2025,PE,24650.00,117.80,133.15,105.30,111.05,111.00,111.05,70.00,1300.50,6.38,3225.00,3225.00,25082.30
NIFTY,14-Jul-2025,07-Aug-2025,PE,24000.00,38.05,40.00,31.45,33.45,34.85,33.45,343.00,6183.36,9.36,22875.00,4200.00,25082.30
NIFTY,14-Jul-2025,07-Aug-2025,PE,25400.00,439.90,453.65,380.15,389.60,380.15,389.60,68.00,1316.25,20.85,9675.00,1275.00,25082.30
NIFTY,14-Jul-2025,07-Aug-2025,PE,26000.00,846.45,894.15,846.45,879.55,879.55,957.35,11.00,221.63,7.13,6075.00,75.00,25082.30
NIFTY,14-Jul-2025,07-Aug-2025,PE,23450.00,-,-,-,25.90,-,20.05,-,-,-,-,-,25082.30
NIFTY,14-Jul-2025,07-Aug-2025,PE,25650.00,613.30,633.60,553.40,616.75,616.75,702.60,13.00,256.12,6.03,1725.00,750.00,25082.30
NIFTY,14-Jul-2025,07-Aug-2025,PE,24800.00,150.00,174.45,141.70,145.40,149.70,145.40,197.00,3688.00,23.80,13725.00,1725.00,25082.30
NIFTY,14-Jul-2025,07-Aug-2025,PE,26350.00,-,-,-,1020.15,-,1244.45,-,-,-,-,-,25082.30
NIFTY,14-Jul-2025,07-Aug-2025,PE,24950.00,222.00,222.75,190.35,191.25,191.25,191.25,27.00,509.46,4.23,2850.00,825.00,25082.30
NIFTY,14-Jul-2025,07-Aug-2025,PE,24850.00,183.00,187.40,155.80,159.10,155.80,159.10,41.00,769.53,5.39,6300.00,1350.00,25082.30
NIFTY,14-Jul-2025,07-Aug-2025,PE,27250.00,-,-,-,1756.35,-,2074.80,-,-,-,-,-,25082.30
NIFTY,14-Jul-2025,07-Aug-2025,PE,24400.00,80.45,83.10,67.15,69.45,68.90,69.45,189.00,3469.45,10.75,8025.00,8025.00,25082.30
NIFTY,14-Jul-2025,07-Aug-2025,PE,26450.00,-,-,-,1095.15,-,1331.25,-,-,-,-,-,25082.30
NIFTY,14-Jul-2025,07-Aug-2025,PE,24550.00,105.90,110.75,87.55,89.40,93.05,89.40,95.00,1756.44,7.26,3825.00,3825.00,25082.30
NIFTY,14-Jul-2025,07-Aug-2025,PE,24200.00,42.75,57.50,42.75,47.20,46.50,47.20,205.00,3728.55,7.80,19275.00,4800.00,25082.30
NIFTY,14-Jul-2025,07-Aug-2025,PE,25100.00,256.00,284.00,234.35,246.25,244.30,246.25,331.00,6296.01,64.94,11175.00,525.00,25082.30
NIFTY,14-Jul-2025,07-Aug-2025,PE,26400.00,-,-,-,1056.75,-,1287.60,-,-,-,-,-,25082.30
NIFTY,14-Jul-2025,07-Aug-2025,PE,26200.00,-,-,-,913.90,-,1117.95,-,-,-,-,-,25082.30
NIFTY,14-Jul-2025,07-Aug-2025,PE,25900.00,-,-,-,550.00,550.00,881.85,-,-,-,75.00,-,25082.30
NIFTY,14-Jul-2025,07-Aug-2025,PE,26250.00,-,-,-,948.70,-,1159.60,-,-,-,-,-,25082.30
NIFTY,14-Jul-2025,07-Aug-2025,PE,26500.00,-,-,-,1132.05,-,1375.35,-,-,-,-,-,25082.30
NIFTY,14-Jul-2025,07-Aug-2025,PE,25050.00,252.00,269.90,215.35,224.05,227.25,224.05,100.00,1897.29,18.54,3900.00,1950.00,25082.30
NIFTY,14-Jul-2025,07-Aug-2025,PE,24250.00,-,-,-,105.55,-,107.90,-,-,-,-,-,25082.30
NIFTY,14-Jul-2025,07-Aug-2025,PE,23700.00,21.45,25.00,21.00,21.00,21.00,21.00,73.00,1298.80,1.23,6975.00,1725.00,25082.30
NIFTY,14-Jul-2025,07-Aug-2025,PE,27050.00,-,-,-,1580.75,-,1882.95,-,-,-,-,-,25082.30
NIFTY,14-Jul-2025,07-Aug-2025,PE,26750.00,-,-,-,1329.00,-,1601.50,-,-,-,-,-,25082.30
NIFTY,14-Jul-2025,07-Aug-2025,PE,27200.00,-,-,-,1711.95,-,2026.60,-,-,-,-,-,25082.30
NIFTY,14-Jul-2025,07-Aug-2025,PE,26550.00,-,-,-,1170.40,-,1419.80,-,-,-,-,-,25082.30
NIFTY,14-Jul-2025,07-Aug-2025,PE,26800.00,-,-,-,1369.90,-,1647.75,-,-,-,-,-,25082.30
NIFTY,14-Jul-2025,07-Aug-2025,PE,24500.00,84.05,100.75,80.00,82.50,82.00,82.50,522.00,9627.15,35.40,54750.00,5775.00,25082.30
NIFTY,14-Jul-2025,07-Aug-2025,PE,26050.00,-,-,-,813.40,-,996.55,-,-,-,-,-,25082.30
NIFTY,14-Jul-2025,07-Aug-2025,PE,23600.00,18.00,21.50,15.60,16.45,17.00,16.45,16.00,283.42,0.22,375.00,150.00,25082.30
NIFTY,14-Jul-2025,07-Aug-2025,PE,25300.00,380.00,388.30,335.00,340.70,338.50,340.70,129.00,2482.41,34.64,8775.00,1200.00,25082.30
NIFTY,14-Jul-2025,07-Aug-2025,PE,23750.00,-,-,-,45.80,-,40.10,-,-,-,-,-,25082.30
NIFTY,14-Jul-2025,07-Aug-2025,PE,26300.00,-,-,-,984.10,-,1201.75,-,-,-,-,-,25082.30
NIFTY,14-Jul-2025,07-Aug-2025,PE,26150.00,-,-,-,879.70,-,1076.90,-,-,-,-,-,25082.30
NIFTY,14-Jul-2025,07-Aug-2025,PE,24600.00,110.45,121.05,99.50,100.80,99.50,100.80,135.00,2501.88,11.13,10950.00,2175.00,25082.30
NIFTY,14-Jul-2025,07-Aug-2025,PE,26700.00,-,-,-,1288.60,-,1555.55,-,-,-,-,-,25082.30
NIFTY,14-Jul-2025,07-Aug-2025,PE,26100.00,-,-,-,846.20,-,1036.45,-,-,-,-,-,25082.30
NIFTY,14-Jul-2025,07-Aug-2025,PE,24050.00,-,-,-,60.60,60.60,74.35,-,-,-,75.00,-,25082.30
NIFTY,14-Jul-2025,07-Aug-2025,PE,25600.00,575.10,594.00,517.20,557.40,557.40,669.35,18.00,353.18,7.58,10500.00,525.00,25082.30
NIFTY,14-Jul-2025,07-Aug-2025,PE,27000.00,-,-,-,1537.80,-,1835.40,-,-,-,-,-,25082.30
NIFTY,14-Jul-2025,07-Aug-2025,PE,23950.00,-,-,-,65.05,-,61.05,-,-,-,-,-,25082.30
NIFTY,14-Jul-2025,07-Aug-2025,PE,26650.00,-,-,-,1248.70,-,1509.95,-,-,-,-,-,25082.30
NIFTY,14-Jul-2025,07-Aug-2025,PE,24100.00,-,-,-,83.35,-,81.85,-,-,-,-,-,25082.30
NIFTY,14-Jul-2025,07-Aug-2025,PE,25700.00,649.70,649.70,649.70,649.70,649.70,736.65,2.00,39.52,0.97,5700.00,-,25082.30
NIFTY,14-Jul-2025,07-Aug-2025,PE,23900.00,-,-,-,21.95,21.95,55.10,-,-,-,4125.00,-,25082.30
NIFTY,14-Jul-2025,07-Aug-2025,PE,25550.00,549.55,558.25,484.45,492.35,492.35,492.35,13.00,254.19,5.07,1425.00,150.00,25082.30
NIFTY,14-Jul-2025,07-Aug-2025,PE,23500.00,15.00,19.10,15.00,17.80,17.80,17.80,23.00,405.66,0.28,1050.00,1050.00,25082.30
NIFTY,14-Jul-2025,07-Aug-2025,PE,25750.00,-,-,-,438.45,438.45,771.50,-,-,-,75.00,-,25082.30
NIFTY,14-Jul-2025,07-Aug-2025,PE,23550.00,-,-,-,31.50,-,25.50,-,-,-,-,-,25082.30
NIFTY,14-Jul-2025,07-Aug-2025,PE,26950.00,-,-,-,1495.20,-,1788.15,-,-,-,-,-,25082.30
NIFTY,14-Jul-2025,07-Aug-2025,PE,27100.00,-,-,-,1624.15,-,1930.65,-,-,-,-,-,25082.30
NIFTY,14-Jul-2025,07-Aug-2025,PE,24900.00,176.75,204.35,169.00,174.90,176.00,174.90,90.00,1693.48,12.73,8025.00,-1950.00,25082.30
NIFTY,14-Jul-2025,07-Aug-2025,PE,23850.00,-,-,-,54.75,-,49.70,-,-,-,-,-,25082.30
NIFTY,14-Jul-2025,07-Aug-2025,PE,24150.00,-,-,-,79.70,79.70,89.90,-,-,-,75.00,-,25082.30
NIFTY,14-Jul-2025,07-Aug-2025,PE,24750.00,155.95,159.55,130.40,132.40,130.40,132.40,33.00,616.15,3.59,4575.00,975.00,25082.30
NIFTY,14-Jul-2025,07-Aug-2025,PE,26850.00,-,-,-,1411.20,-,1694.30,-,-,-,-,-,25082.30
NIFTY,14-Jul-2025,07-Aug-2025,PE,26600.00,-,-,-,1209.30,-,1464.70,-,-,-,-,-,25082.30
NIFTY,14-Jul-2025,07-Aug-2025,PE,24700.00,125.00,143.60,116.00,121.45,120.00,121.45,168.00,3128.40,16.20,13500.00,1275.00,25082.30
NIFTY,14-Jul-2025,07-Aug-2025,PE,24350.00,-,-,-,71.00,71.00,128.50,-,-,-,300.00,-,25082.30
NIFTY,15-Jul-2025,07-Aug-2025,PE,25000.00,192.55,202.85,145.00,151.55,147.40,151.55,1220.00,23039.32,164.32,90375.00,32925.00,25195.80
NIFTY,15-Jul-2025,07-Aug-2025,PE,23750.00,-,-,-,45.80,-,28.90,-,-,-,-,-,25195.80
NIFTY,15-Jul-2025,07-Aug-2025,PE,26150.00,-,-,-,879.70,-,983.00,-,-,-,-,-,25195.80
NIFTY,15-Jul-2025,07-Aug-2025,PE,25400.00,381.15,395.20,309.30,321.85,309.35,321.85,114.00,2200.44,28.74,12900.00,3225.00,25195.80
NIFTY,15-Jul-2025,07-Aug-2025,PE,25450.00,345.60,345.60,345.60,345.60,345.60,502.65,1.00,19.35,0.26,600.00,75.00,25195.80
NIFTY,15-Jul-2025,07-Aug-2025,PE,25650.00,553.45,553.45,466.40,467.85,467.85,467.85,9.00,176.44,3.30,1875.00,150.00,25195.80
NIFTY,15-Jul-2025,07-Aug-2025,PE,24550.00,86.50,89.25,65.60,67.20,67.20,143.50,20.00,369.44,1.19,4125.00,300.00,25195.80
NIFTY,15-Jul-2025,07-Aug-2025,PE,23350.00,13.35,13.35,11.20,11.20,11.20,10.55,2.00,35.04,0.02,150.00,150.00,25195.80
NIFTY,15-Jul-2025,07-Aug-2025,PE,25900.00,-,-,-,550.00,550.00,793.30,-,-,-,75.00,-,25195.80
NIFTY,15-Jul-2025,07-Aug-2025,PE,27100.00,-,-,-,1624.15,-,1824.15,-,-,-,-,-,25195.80
NIFTY,15-Jul-2025,07-Aug-2025,PE,23700.00,18.50,18.50,14.90,15.00,15.00,25.70,16.00,284.58,0.18,7575.00,600.00,25195.80
NIFTY,15-Jul-2025,07-Aug-2025,PE,26050.00,-,-,-,813.40,-,905.05,-,-,-,-,-,25195.80
NIFTY,15-Jul-2025,07-Aug-2025,PE,26700.00,-,-,-,1288.60,-,1452.40,-,-,-,-,-,25195.80
NIFTY,15-Jul-2025,07-Aug-2025,PE,24150.00,-,-,-,79.70,79.70,68.75,-,-,-,75.00,-,25195.80
NIFTY,15-Jul-2025,07-Aug-2025,PE,27000.00,-,-,-,1537.80,-,1729.55,-,-,-,-,-,25195.80
NIFTY,15-Jul-2025,07-Aug-2025,PE,24100.00,-,-,-,83.35,-,62.15,-,-,-,-,-,25195.80
NIFTY,15-Jul-2025,07-Aug-2025,PE,24650.00,103.60,105.00,75.50,80.10,75.50,80.10,36.00,667.92,2.37,3525.00,300.00,25195.80
NIFTY,15-Jul-2025,07-Aug-2025,PE,23500.00,19.55,19.55,9.85,10.10,10.00,10.10,50.00,881.68,0.43,2325.00,1275.00,25195.80
NIFTY,15-Jul-2025,07-Aug-2025,PE,25500.00,430.05,450.00,364.05,374.00,364.05,374.00,79.00,1534.15,23.28,21600.00,1350.00,25195.80
NIFTY,15-Jul-2025,07-Aug-2025,PE,26250.00,-,-,-,948.70,-,1063.50,-,-,-,-,-,25195.80
NIFTY,15-Jul-2025,07-Aug-2025,PE,26000.00,782.90,812.65,776.95,794.80,776.95,794.80,4.00,80.37,2.37,6150.00,75.00,25195.80
NIFTY,15-Jul-2025,07-Aug-2025,PE,26450.00,-,-,-,1095.15,-,1231.50,-,-,-,-,-,25195.80
NIFTY,15-Jul-2025,07-Aug-2025,PE,25950.00,-,-,-,749.75,-,829.75,-,-,-,-,-,25195.80
NIFTY,15-Jul-2025,07-Aug-2025,PE,24600.00,92.50,98.50,65.80,67.35,68.15,67.35,135.00,2498.53,7.78,13650.00,2700.00,25195.80
NIFTY,15-Jul-2025,07-Aug-2025,PE,23950.00,-,-,-,65.05,-,45.35,-,-,-,-,-,25195.80
NIFTY,15-Jul-2025,07-Aug-2025,PE,23600.00,13.50,18.05,10.75,10.90,10.80,10.90,48.00,850.10,0.50,2025.00,1650.00,25195.80
NIFTY,15-Jul-2025,07-Aug-2025,PE,26200.00,-,-,-,913.90,-,1022.95,-,-,-,-,-,25195.80
NIFTY,15-Jul-2025,07-Aug-2025,PE,27250.00,-,-,-,1756.35,-,1967.55,-,-,-,-,-,25195.80
NIFTY,15-Jul-2025,07-Aug-2025,PE,23650.00,17.20,17.20,10.05,14.05,14.05,14.05,23.00,408.20,0.24,14550.00,900.00,25195.80
NIFTY,15-Jul-2025,07-Aug-2025,PE,25100.00,230.05,247.30,176.80,181.25,178.45,181.25,341.00,6472.26,52.94,20625.00,9450.00,25195.80
NIFTY,15-Jul-2025,07-Aug-2025,PE,26500.00,-,-,-,1132.05,-,1274.80,-,-,-,-,-,25195.80
NIFTY,15-Jul-2025,07-Aug-2025,PE,25600.00,517.15,517.15,421.55,439.45,432.85,439.45,19.00,371.07,6.27,11100.00,600.00,25195.80
NIFTY,15-Jul-2025,07-Aug-2025,PE,25300.00,320.85,336.45,257.70,266.60,259.50,266.60,482.00,9249.03,103.08,26700.00,17925.00,25195.80
NIFTY,15-Jul-2025,07-Aug-2025,PE,23400.00,12.70,14.00,8.75,9.25,8.75,9.25,40.00,702.29,0.29,2100.00,1725.00,25195.80
NIFTY,15-Jul-2025,07-Aug-2025,PE,23550.00,-,-,-,31.50,-,17.80,-,-,-,-,-,25195.80
NIFTY,15-Jul-2025,07-Aug-2025,PE,26600.00,-,-,-,1209.30,-,1362.75,-,-,-,-,-,25195.80
NIFTY,15-Jul-2025,07-Aug-2025,PE,24050.00,-,-,-,60.60,60.60,56.10,-,-,-,75.00,-,25195.80
NIFTY,15-Jul-2025,07-Aug-2025,PE,27150.00,-,-,-,1667.85,-,1871.75,-,-,-,-,-,25195.80
NIFTY,15-Jul-2025,07-Aug-2025,PE,24200.00,42.85,45.95,28.85,30.60,29.40,30.60,462.00,8397.23,11.93,29700.00,10425.00,25195.80
NIFTY,15-Jul-2025,07-Aug-2025,PE,25700.00,515.05,515.05,500.00,500.00,500.00,655.50,4.00,78.63,1.53,5550.00,-150.00,25195.80
NIFTY,15-Jul-2025,07-Aug-2025,PE,23850.00,-,-,-,54.75,-,36.40,-,-,-,-,-,25195.80
NIFTY,15-Jul-2025,07-Aug-2025,PE,24850.00,148.40,152.15,110.20,111.15,110.20,111.15,44.00,824.08,4.03,5325.00,-975.00,25195.80
NIFTY,15-Jul-2025,07-Aug-2025,PE,26800.00,-,-,-,1369.90,-,1543.55,-,-,-,-,-,25195.80
NIFTY,15-Jul-2025,07-Aug-2025,PE,23900.00,30.60,30.60,19.05,19.40,19.40,19.40,16.00,287.07,0.27,4500.00,375.00,25195.80
NIFTY,15-Jul-2025,07-Aug-2025,PE,24250.00,-,-,-,105.55,-,83.60,-,-,-,-,-,25195.80
NIFTY,15-Jul-2025,07-Aug-2025,PE,25750.00,-,-,-,438.45,438.45,688.75,-,-,-,75.00,-,25195.80
NIFTY,15-Jul-2025,07-Aug-2025,PE,25250.00,295.70,311.30,235.00,246.75,235.00,246.75,198.00,3790.78,41.15,11100.00,7875.00,25195.80
NIFTY,15-Jul-2025,07-Aug-2025,PE,26100.00,-,-,-,846.20,-,943.70,-,-,-,-,-,25195.80
NIFTY,15-Jul-2025,07-Aug-2025,PE,24450.00,72.00,72.85,45.05,48.80,49.75,48.80,44.00,808.65,1.80,6300.00,2025.00,25195.80
NIFTY,15-Jul-2025,07-Aug-2025,PE,24500.00,76.25,80.55,53.10,56.05,54.40,56.05,806.00,14847.41,37.16,48150.00,-6600.00,25195.80
NIFTY,15-Jul-2025,07-Aug-2025,PE,25550.00,466.50,490.00,399.25,408.45,408.45,561.10,12.00,233.91,3.96,1650.00,225.00,25195.80
NIFTY,15-Jul-2025,07-Aug-2025,PE,24000.00,34.00,34.00,21.25,22.75,22.50,22.75,545.00,9819.97,9.97,25575.00,2700.00,25195.80
NIFTY,15-Jul-2025,07-Aug-2025,PE,24950.00,177.20,182.85,137.25,137.70,137.45,137.70,23.00,433.08,2.70,3150.00,300.00,25195.80
NIFTY,15-Jul-2025,07-Aug-2025,PE,25850.00,-,-,-,500.25,500.25,757.65,-,-,-,75.00,-,25195.80
NIFTY,15-Jul-2025,07-Aug-2025,PE,26400.00,-,-,-,1056.75,-,1188.70,-,-,-,-,-,25195.80
NIFTY,15-Jul-2025,07-Aug-2025,PE,27050.00,-,-,-,1580.75,-,1776.75,-,-,-,-,-,25195.80
NIFTY,15-Jul-2025,07-Aug-2025,PE,26950.00,-,-,-,1495.20,-,1682.65,-,-,-,-,-,25195.80
NIFTY,15-Jul-2025,07-Aug-2025,PE,25200.00,272.30,292.30,215.70,225.20,217.50,225.20,772.00,14735.84,145.04,29925.00,17850.00,25195.80
NIFTY,15-Jul-2025,07-Aug-2025,PE,23800.00,23.00,23.00,15.00,15.65,15.05,15.65,426.00,7610.36,6.26,20925.00,5625.00,25195.80
NIFTY,15-Jul-2025,07-Aug-2025,PE,27200.00,-,-,-,1711.95,-,1919.55,-,-,-,-,-,25195.80
NIFTY,15-Jul-2025,07-Aug-2025,PE,24400.00,61.10,67.65,43.10,46.20,46.25,46.20,82.00,1503.84,3.24,9000.00,975.00,25195.80
NIFTY,15-Jul-2025,07-Aug-2025,PE,24300.00,-,-,-,113.85,-,91.95,-,-,-,-,-,25195.80
NIFTY,15-Jul-2025,07-Aug-2025,PE,25800.00,-,-,-,535.75,535.75,722.75,-,-,-,8850.00,-,25195.80
NIFTY,15-Jul-2025,07-Aug-2025,PE,26750.00,-,-,-,1329.00,-,1497.80,-,-,-,-,-,25195.80
NIFTY,15-Jul-2025,07-Aug-2025,PE,24800.00,149.70,149.70,97.10,102.30,97.90,102.30,204.00,3811.51,17.11,17700.00,3975.00,25195.80
NIFTY,15-Jul-2025,07-Aug-2025,PE,26650.00,-,-,-,1248.70,-,1407.40,-,-,-,-,-,25195.80
NIFTY,15-Jul-2025,07-Aug-2025,PE,26300.00,-,-,-,984.10,-,1104.70,-,-,-,-,-,25195.80
NIFTY,15-Jul-2025,07-Aug-2025,PE,25050.00,211.05,220.30,163.60,170.45,163.60,170.45,24.00,454.52,3.62,4050.00,150.00,25195.80
NIFTY,15-Jul-2025,07-Aug-2025,PE,24350.00,-,-,-,71.00,71.00,100.90,-,-,-,300.00,-,25195.80
NIFTY,15-Jul-2025,07-Aug-2025,PE,26850.00,-,-,-,1411.20,-,1589.60,-,-,-,-,-,25195.80
NIFTY,15-Jul-2025,07-Aug-2025,PE,26550.00,-,-,-,1170.40,-,1318.55,-,-,-,-,-,25195.80
NIFTY,15-Jul-2025,07-Aug-2025,PE,26350.00,-,-,-,1020.15,-,1146.40,-,-,-,-,-,25195.80
NIFTY,15-Jul-2025,07-Aug-2025,PE,25150.00,250.45,267.15,200.00,204.90,205.00,204.90,92.00,1751.09,15.74,4725.00,1725.00,25195.80
NIFTY,15-Jul-2025,07-Aug-2025,PE,24900.00,162.20,171.45,118.30,123.85,122.00,123.85,216.00,4055.33,21.53,11625.00,3600.00,25195.80
NIFTY,15-Jul-2025,07-Aug-2025,PE,24750.00,124.05,132.00,92.55,95.95,92.55,95.95,32.00,596.70,2.70,4800.00,225.00,25195.80
NIFTY,15-Jul-2025,07-Aug-2025,PE,23450.00,-,-,-,25.90,-,13.75,-,-,-,-,-,25195.80
NIFTY,15-Jul-2025,07-Aug-2025,PE,25350.00,347.10,360.15,281.00,289.85,289.85,289.85,14.00,269.56,3.38,2775.00,225.00,25195.80
NIFTY,15-Jul-2025,07-Aug-2025,PE,26900.00,-,-,-,1453.00,-,1636.00,-,-,-,-,-,25195.80
NIFTY,15-Jul-2025,07-Aug-2025,PE,24700.00,113.30,118.05,80.00,83.10,80.00,83.10,321.00,5970.10,23.58,23100.00,9600.00,25195.80
NIFTY,16-Jul-2025,07-Aug-2025,PE,27050.00,-,-,-,1580.75,-,1762.75,-,-,-,-,-,25212.05
NIFTY,16-Jul-2025,07-Aug-2025,PE,24850.00,122.45,134.90,98.35,108.90,107.70,108.90,66.00,1235.56,5.49,7125.00,1800.00,25212.05
NIFTY,16-Jul-2025,07-Aug-2025,PE,24400.00,49.10,54.35,35.00,39.80,41.15,39.80,333.00,6104.65,10.75,17250.00,8250.00,25212.05
NIFTY,16-Jul-2025,07-Aug-2025,PE,26500.00,-,-,-,1132.05,-,1259.00,-,-,-,-,-,25212.05
NIFTY,16-Jul-2025,07-Aug-2025,PE,25500.00,393.00,431.50,358.45,377.50,378.65,377.50,294.00,5710.12,87.37,27600.00,6000.00,25212.05
NIFTY,16-Jul-2025,07-Aug-2025,PE,25300.00,287.60,311.95,250.00,265.45,263.45,265.45,541.00,10375.56,110.09,45225.00,18525.00,25212.05
NIFTY,16-Jul-2025,07-Aug-2025,PE,26550.00,-,-,-,1170.40,-,1302.95,-,-,-,-,-,25212.05
NIFTY,16-Jul-2025,07-Aug-2025,PE,24700.00,86.60,99.40,73.00,77.05,77.95,77.05,165.00,3066.76,10.14,28875.00,5775.00,25212.05
NIFTY,16-Jul-2025,07-Aug-2025,PE,24300.00,-,-,-,113.85,-,83.85,-,-,-,-,-,25212.05
NIFTY,16-Jul-2025,07-Aug-2025,PE,25750.00,-,-,-,438.45,438.45,671.50,-,-,-,75.00,-,25212.05
NIFTY,16-Jul-2025,07-Aug-2025,PE,26650.00,-,-,-,1248.70,-,1392.10,-,-,-,-,-,25212.05
NIFTY,16-Jul-2025,07-Aug-2025,PE,26100.00,-,-,-,846.20,-,926.75,-,-,-,-,-,25212.05
NIFTY,16-Jul-2025,07-Aug-2025,PE,24050.00,-,-,-,60.60,60.60,50.20,-,-,-,75.00,-,25212.05
NIFTY,16-Jul-2025,07-Aug-2025,PE,23600.00,11.75,13.00,10.15,11.45,11.45,11.45,26.00,460.41,0.21,2025.00,-,25212.05
NIFTY,16-Jul-2025,07-Aug-2025,PE,25350.00,315.05,342.90,279.20,285.90,292.10,285.90,49.00,942.62,11.01,5625.00,2850.00,25212.05
NIFTY,16-Jul-2025,07-Aug-2025,PE,26200.00,-,-,-,913.90,-,1006.25,-,-,-,-,-,25212.05
NIFTY,16-Jul-2025,07-Aug-2025,PE,27100.00,-,-,-,1624.15,-,1810.30,-,-,-,-,-,25212.05
NIFTY,16-Jul-2025,07-Aug-2025,PE,26700.00,-,-,-,1288.60,-,1437.30,-,-,-,-,-,25212.05
NIFTY,16-Jul-2025,07-Aug-2025,PE,23950.00,-,-,-,65.05,-,40.25,-,-,-,-,-,25212.05
NIFTY,16-Jul-2025,07-Aug-2025,PE,25950.00,-,-,-,749.75,-,812.60,-,-,-,-,-,25212.05
NIFTY,16-Jul-2025,07-Aug-2025,PE,24800.00,110.50,123.20,88.05,95.20,94.85,95.20,474.00,8851.92,35.52,33825.00,16125.00,25212.05
NIFTY,16-Jul-2025,07-Aug-2025,PE,26400.00,-,-,-,1056.75,-,1172.60,-,-,-,-,-,25212.05
NIFTY,16-Jul-2025,07-Aug-2025,PE,25700.00,537.90,552.70,490.00,503.80,503.80,638.35,19.00,373.78,7.55,5625.00,75.00,25212.05
NIFTY,16-Jul-2025,07-Aug-2025,PE,24450.00,54.25,58.30,46.10,48.80,49.60,48.80,16.00,294.00,0.60,6600.00,300.00,25212.05
NIFTY,16-Jul-2025,07-Aug-2025,PE,24600.00,73.60,80.70,58.50,62.20,63.00,62.20,243.00,4494.98,11.63,19425.00,5775.00,25212.05
NIFTY,16-Jul-2025,07-Aug-2025,PE,25550.00,-,-,-,408.45,408.45,544.15,-,-,-,1650.00,-,25212.05
NIFTY,16-Jul-2025,07-Aug-2025,PE,26450.00,-,-,-,1095.15,-,1215.55,-,-,-,-,-,25212.05
NIFTY,16-Jul-2025,07-Aug-2025,PE,24900.00,137.00,145.80,113.00,121.05,122.65,121.05,308.00,5781.64,29.74,20925.00,9300.00,25212.05
NIFTY,16-Jul-2025,07-Aug-2025,PE,25600.00,468.95,496.75,425.55,436.70,436.70,436.70,40.00,781.62,13.62,10425.00,-675.00,25212.05
NIFTY,16-Jul-2025,07-Aug-2025,PE,23450.00,-,-,-,25.90,-,11.60,-,-,-,-,-,25212.05
NIFTY,16-Jul-2025,07-Aug-2025,PE,23550.00,-,-,-,31.50,-,15.15,-,-,-,-,-,25212.05
NIFTY,16-Jul-2025,07-Aug-2025,PE,25200.00,238.95,263.00,204.95,219.90,220.30,219.90,1179.00,22491.12,208.02,53250.00,23325.00,25212.05
NIFTY,16-Jul-2025,07-Aug-2025,PE,24250.00,-,-,-,105.55,-,76.00,-,-,-,-,-,25212.05
NIFTY,16-Jul-2025,07-Aug-2025,PE,25100.00,200.90,220.95,169.90,179.90,180.80,179.90,415.00,7872.26,59.88,27975.00,7350.00,25212.05
NIFTY,16-Jul-2025,07-Aug-2025,PE,24500.00,59.00,67.80,46.85,49.40,50.25,49.40,1568.00,28878.24,66.24,91725.00,43575.00,25212.05
NIFTY,16-Jul-2025,07-Aug-2025,PE,26900.00,-,-,-,1453.00,-,1621.55,-,-,-,-,-,25212.05
NIFTY,16-Jul-2025,07-Aug-2025,PE,26250.00,-,-,-,948.70,-,1046.95,-,-,-,-,-,25212.05
NIFTY,16-Jul-2025,07-Aug-2025,PE,27000.00,-,-,-,1537.80,-,1715.45,-,-,-,-,-,25212.05
NIFTY,16-Jul-2025,07-Aug-2025,PE,24750.00,100.45,107.55,79.95,87.15,90.00,87.15,39.00,726.66,2.72,6675.00,1875.00,25212.05
NIFTY,16-Jul-2025,07-Aug-2025,PE,26150.00,-,-,-,879.70,-,966.20,-,-,-,-,-,25212.05
NIFTY,16-Jul-2025,07-Aug-2025,PE,25650.00,477.05,488.45,463.00,473.20,473.20,473.20,9.00,176.35,3.21,1875.00,-,25212.05
NIFTY,16-Jul-2025,07-Aug-2025,PE,26600.00,-,-,-,1209.30,-,1347.35,-,-,-,-,-,25212.05
NIFTY,16-Jul-2025,07-Aug-2025,PE,24100.00,-,-,-,83.35,-,55.85,-,-,-,-,-,25212.05
NIFTY,16-Jul-2025,07-Aug-2025,PE,25000.00,162.90,180.75,136.75,145.95,150.90,145.95,1986.00,37472.11,234.61,134025.00,43650.00,25212.05
NIFTY,16-Jul-2025,07-Aug-2025,PE,26050.00,-,-,-,813.40,-,888.05,-,-,-,-,-,25212.05
NIFTY,16-Jul-2025,07-Aug-2025,PE,25800.00,-,-,-,535.75,535.75,705.55,-,-,-,8850.00,-,25212.05
NIFTY,16-Jul-2025,07-Aug-2025,PE,25050.00,185.85,201.70,160.20,169.35,171.00,169.35,19.00,359.51,2.54,4125.00,75.00,25212.05
NIFTY,16-Jul-2025,07-Aug-2025,PE,26950.00,-,-,-,1495.20,-,1668.35,-,-,-,-,-,25212.05
NIFTY,16-Jul-2025,07-Aug-2025,PE,23650.00,-,-,-,14.05,14.05,19.65,-,-,-,14550.00,-,25212.05
NIFTY,16-Jul-2025,07-Aug-2025,PE,25900.00,-,-,-,550.00,550.00,776.10,-,-,-,75.00,-,25212.05
NIFTY,16-Jul-2025,07-Aug-2025,PE,24200.00,32.00,37.05,26.35,27.80,27.50,27.80,514.00,9341.03,11.93,35025.00,5325.00,25212.05
NIFTY,16-Jul-2025,07-Aug-2025,PE,24550.00,66.55,70.00,53.25,61.05,58.55,61.05,31.00,572.25,1.46,5175.00,1050.00,25212.05
NIFTY,16-Jul-2025,07-Aug-2025,PE,27250.00,-,-,-,1756.35,-,1954.15,-,-,-,-,-,25212.05
NIFTY,16-Jul-2025,07-Aug-2025,PE,24950.00,157.80,166.85,125.60,131.85,134.40,131.85,43.00,809.32,4.69,4350.00,1200.00,25212.05
NIFTY,16-Jul-2025,07-Aug-2025,PE,25150.00,225.50,240.00,190.00,198.25,196.95,198.25,129.00,2453.78,20.52,9825.00,5100.00,25212.05
NIFTY,16-Jul-2025,07-Aug-2025,PE,23800.00,17.00,18.90,13.50,14.55,15.40,14.55,232.00,4143.87,2.67,27525.00,6600.00,25212.05
NIFTY,16-Jul-2025,07-Aug-2025,PE,26350.00,-,-,-,1020.15,-,1130.15,-,-,-,-,-,25212.05
NIFTY,16-Jul-2025,07-Aug-2025,PE,24350.00,-,-,-,71.00,71.00,92.35,-,-,-,300.00,-,25212.05
NIFTY,16-Jul-2025,07-Aug-2025,PE,23850.00,-,-,-,54.75,-,32.00,-,-,-,-,-,25212.05
NIFTY,16-Jul-2025,07-Aug-2025,PE,26800.00,-,-,-,1369.90,-,1528.80,-,-,-,-,-,25212.05
NIFTY,16-Jul-2025,07-Aug-2025,PE,24650.00,88.25,88.25,65.00,69.80,70.00,69.80,49.00,908.57,2.68,5850.00,2325.00,25212.05
NIFTY,16-Jul-2025,07-Aug-2025,PE,23400.00,9.00,9.00,6.90,8.10,8.10,10.10,41.00,719.80,0.25,4275.00,2175.00,25212.05
NIFTY,16-Jul-2025,07-Aug-2025,PE,23750.00,-,-,-,45.80,-,25.20,-,-,-,-,-,25212.05
NIFTY,16-Jul-2025,07-Aug-2025,PE,27150.00,-,-,-,1667.85,-,1858.10,-,-,-,-,-,25212.05
NIFTY,16-Jul-2025,07-Aug-2025,PE,25400.00,357.50,374.40,295.40,318.85,328.60,318.85,113.00,2180.69,28.04,15150.00,2250.00,25212.05
NIFTY,16-Jul-2025,07-Aug-2025,PE,23350.00,10.00,10.00,7.10,7.70,7.65,7.70,32.00,560.60,0.20,1275.00,1125.00,25212.05
NIFTY,16-Jul-2025,07-Aug-2025,PE,24150.00,-,-,-,79.70,79.70,62.00,-,-,-,75.00,-,25212.05
NIFTY,16-Jul-2025,07-Aug-2025,PE,25250.00,257.50,287.10,231.05,243.75,238.95,243.75,128.00,2448.15,24.15,15600.00,4500.00,25212.05
NIFTY,16-Jul-2025,07-Aug-2025,PE,26850.00,-,-,-,1411.20,-,1575.00,-,-,-,-,-,25212.05
NIFTY,16-Jul-2025,07-Aug-2025,PE,27200.00,-,-,-,1711.95,-,1906.05,-,-,-,-,-,25212.05
NIFTY,16-Jul-2025,07-Aug-2025,PE,26750.00,-,-,-,1329.00,-,1482.85,-,-,-,-,-,25212.05
NIFTY,16-Jul-2025,07-Aug-2025,PE,23700.00,14.00,15.95,11.40,12.85,12.85,22.25,25.00,444.63,0.26,7800.00,225.00,25212.05
NIFTY,16-Jul-2025,07-Aug-2025,PE,26300.00,-,-,-,984.10,-,1088.25,-,-,-,-,-,25212.05
NIFTY,16-Jul-2025,07-Aug-2025,PE,26000.00,774.95,815.45,770.00,789.25,789.25,789.25,15.00,301.52,9.02,6150.00,-,25212.05
NIFTY,16-Jul-2025,07-Aug-2025,PE,25850.00,-,-,-,500.25,500.25,740.40,-,-,-,75.00,-,25212.05
NIFTY,16-Jul-2025,07-Aug-2025,PE,25450.00,-,-,-,345.60,345.60,485.95,-,-,-,600.00,-,25212.05
NIFTY,16-Jul-2025,07-Aug-2025,PE,23900.00,20.95,21.00,15.45,17.10,17.45,17.10,74.00,1327.50,1.05,6450.00,1950.00,25212.05
NIFTY,16-Jul-2025,07-Aug-2025,PE,23500.00,9.40,11.70,8.70,9.10,9.90,9.10,537.00,9468.44,3.81,22275.00,19950.00,25212.05
NIFTY,16-Jul-2025,07-Aug-2025,PE,24000.00,23.00,26.50,18.75,20.05,20.75,20.05,601.00,10827.92,9.92,40500.00,14925.00,25212.05
NIFTY,17-Jul-2025,07-Aug-2025,PE,23550.00,-,-,-,31.50,-,17.10,-,-,-,-,-,25111.45
NIFTY,17-Jul-2025,07-Aug-2025,PE,24700.00,74.75,89.80,68.90,84.30,86.00,84.30,781.00,14513.39,45.36,55050.00,26175.00,25111.45
NIFTY,17-Jul-2025,07-Aug-2025,PE,26950.00,-,-,-,1495.20,-,1765.00,-,-,-,-,-,25111.45
NIFTY,17-Jul-2025,07-Aug-2025,PE,23650.00,14.05,14.05,7.10,9.35,9.35,9.35,13.00,230.69,0.10,14775.00,225.00,25111.45
NIFTY,17-Jul-2025,07-Aug-2025,PE,25750.00,-,-,-,438.45,438.45,733.85,-,-,-,75.00,-,25111.45
NIFTY,17-Jul-2025,07-Aug-2025,PE,23800.00,14.30,16.10,12.50,14.45,12.85,14.45,253.00,4518.69,2.64,31050.00,3525.00,25111.45
NIFTY,17-Jul-2025,07-Aug-2025,PE,23700.00,12.85,14.30,10.80,12.55,12.10,12.55,219.00,3894.67,1.95,17400.00,9600.00,25111.45
NIFTY,17-Jul-2025,07-Aug-2025,PE,23350.00,7.65,9.90,7.00,9.90,9.90,9.85,17.00,297.82,0.11,1650.00,375.00,25111.45
NIFTY,17-Jul-2025,07-Aug-2025,PE,26300.00,-,-,-,984.10,-,1170.40,-,-,-,-,-,25111.45
NIFTY,17-Jul-2025,07-Aug-2025,PE,25150.00,193.70,231.40,188.45,220.95,226.00,220.95,160.00,3043.53,25.53,13950.00,4125.00,25111.45
NIFTY,17-Jul-2025,07-Aug-2025,PE,24550.00,56.00,65.45,47.55,61.70,62.10,61.70,92.00,1697.93,3.98,8700.00,3525.00,25111.45
NIFTY,17-Jul-2025,07-Aug-2025,PE,23600.00,9.50,12.05,8.75,11.10,11.20,11.10,21.00,371.86,0.16,2550.00,525.00,25111.45
NIFTY,17-Jul-2025,07-Aug-2025,PE,24600.00,62.40,71.00,52.55,67.30,67.95,67.30,393.00,7270.16,19.31,31425.00,12000.00,25111.45
NIFTY,17-Jul-2025,07-Aug-2025,PE,23900.00,20.05,20.05,15.45,16.45,16.45,16.45,136.00,2439.50,1.70,12300.00,5850.00,25111.45
NIFTY,17-Jul-2025,07-Aug-2025,PE,26350.00,-,-,-,1020.15,-,1213.75,-,-,-,-,-,25111.45
NIFTY,17-Jul-2025,07-Aug-2025,PE,25400.00,332.00,365.50,307.35,355.05,358.55,355.05,491.00,9476.56,123.01,22725.00,7575.00,25111.45
NIFTY,17-Jul-2025,07-Aug-2025,PE,27200.00,-,-,-,1711.95,-,2005.85,-,-,-,-,-,25111.45
NIFTY,17-Jul-2025,07-Aug-2025,PE,23500.00,8.30,11.45,8.15,8.95,9.55,8.95,371.00,6541.47,2.59,31650.00,9375.00,25111.45
NIFTY,17-Jul-2025,07-Aug-2025,PE,25650.00,481.40,509.20,481.40,509.20,509.20,664.25,12.00,235.24,4.39,2475.00,600.00,25111.45
NIFTY,17-Jul-2025,07-Aug-2025,PE,26800.00,-,-,-,1369.90,-,1622.95,-,-,-,-,-,25111.45
NIFTY,17-Jul-2025,07-Aug-2025,PE,26900.00,-,-,-,1453.00,-,1717.40,-,-,-,-,-,25111.45
NIFTY,17-Jul-2025,07-Aug-2025,PE,26500.00,-,-,-,1132.05,-,1346.70,-,-,-,-,-,25111.45
NIFTY,17-Jul-2025,07-Aug-2025,PE,24100.00,-,-,-,83.35,-,63.15,-,-,-,-,-,25111.45
NIFTY,17-Jul-2025,07-Aug-2025,PE,25950.00,-,-,-,749.75,-,883.00,-,-,-,-,-,25111.45
NIFTY,17-Jul-2025,07-Aug-2025,PE,26550.00,-,-,-,1170.40,-,1391.85,-,-,-,-,-,25111.45
NIFTY,17-Jul-2025,07-Aug-2025,PE,26150.00,-,-,-,879.70,-,1043.55,-,-,-,-,-,25111.45
NIFTY,17-Jul-2025,07-Aug-2025,PE,25800.00,589.00,590.95,589.00,590.95,590.95,769.90,3.00,59.38,1.33,8775.00,-75.00,25111.45
NIFTY,17-Jul-2025,07-Aug-2025,PE,26750.00,-,-,-,1329.00,-,1576.10,-,-,-,-,-,25111.45
NIFTY,17-Jul-2025,07-Aug-2025,PE,25600.00,445.60,501.90,442.00,489.05,490.00,489.05,26.00,508.31,9.11,10500.00,75.00,25111.45
NIFTY,17-Jul-2025,07-Aug-2025,PE,25850.00,-,-,-,500.25,500.25,807.85,-,-,-,75.00,-,25111.45
NIFTY,17-Jul-2025,07-Aug-2025,PE,24000.00,18.95,24.00,17.50,20.75,21.50,20.75,602.00,10844.97,8.97,49725.00,9225.00,25111.45
NIFTY,17-Jul-2025,07-Aug-2025,PE,27050.00,-,-,-,1580.75,-,1860.85,-,-,-,-,-,25111.45
NIFTY,17-Jul-2025,07-Aug-2025,PE,24800.00,94.00,111.05,87.70,105.75,107.80,105.75,915.00,17087.48,68.48,59025.00,25200.00,25111.45
NIFTY,17-Jul-2025,07-Aug-2025,PE,26050.00,-,-,-,813.40,-,961.95,-,-,-,-,-,25111.45
NIFTY,17-Jul-2025,07-Aug-2025,PE,27150.00,-,-,-,1667.85,-,1957.35,-,-,-,-,-,25111.45
NIFTY,17-Jul-2025,07-Aug-2025,PE,24350.00,71.00,71.00,71.00,71.00,71.00,71.00,1.00,18.32,0.05,300.00,-,25111.45
NIFTY,17-Jul-2025,07-Aug-2025,PE,26250.00,-,-,-,948.70,-,1127.55,-,-,-,-,-,25111.45
NIFTY,17-Jul-2025,07-Aug-2025,PE,25500.00,383.05,428.35,363.85,419.40,422.10,419.40,555.00,10777.77,163.39,30750.00,3150.00,25111.45
NIFTY,17-Jul-2025,07-Aug-2025,PE,24150.00,-,-,-,79.70,79.70,70.15,-,-,-,75.00,-,25111.45
NIFTY,17-Jul-2025,07-Aug-2025,PE,24250.00,-,-,-,105.55,-,85.90,-,-,-,-,-,25111.45
NIFTY,17-Jul-2025,07-Aug-2025,PE,26650.00,-,-,-,1248.70,-,1483.30,-,-,-,-,-,25111.45
NIFTY,17-Jul-2025,07-Aug-2025,PE,25100.00,176.15,209.70,167.90,201.75,201.10,201.75,479.00,9086.76,69.58,35625.00,7650.00,25111.45
NIFTY,17-Jul-2025,07-Aug-2025,PE,24300.00,-,-,-,113.85,-,94.75,-,-,-,-,-,25111.45
NIFTY,17-Jul-2025,07-Aug-2025,PE,25000.00,145.95,170.00,134.55,162.90,164.45,162.90,1534.00,28936.06,173.56,148500.00,14475.00,25111.45
NIFTY,17-Jul-2025,07-Aug-2025,PE,25450.00,366.15,366.15,351.10,351.10,351.10,535.80,8.00,154.85,2.15,300.00,-300.00,25111.45
NIFTY,17-Jul-2025,07-Aug-2025,PE,26450.00,-,-,-,1095.15,-,1301.95,-,-,-,-,-,25111.45
NIFTY,17-Jul-2025,07-Aug-2025,PE,25900.00,-,-,-,550.00,550.00,844.60,-,-,-,75.00,-,25111.45
NIFTY,17-Jul-2025,07-Aug-2025,PE,24900.00,118.95,138.70,110.00,132.30,134.20,132.30,871.00,16346.01,80.08,48825.00,27900.00,25111.45
NIFTY,17-Jul-2025,07-Aug-2025,PE,26100.00,-,-,-,846.20,-,1002.40,-,-,-,-,-,25111.45
NIFTY,17-Jul-2025,07-Aug-2025,PE,25050.00,161.20,189.70,154.75,180.75,183.80,180.75,106.00,2005.28,13.81,8775.00,4650.00,25111.45
NIFTY,17-Jul-2025,07-Aug-2025,PE,23450.00,11.90,11.90,11.90,11.90,11.90,13.05,1.00,17.60,0.01,75.00,75.00,25111.45
NIFTY,17-Jul-2025,07-Aug-2025,PE,27250.00,-,-,-,1756.35,-,2054.50,-,-,-,-,-,25111.45
NIFTY,17-Jul-2025,07-Aug-2025,PE,24650.00,70.75,80.65,66.10,79.00,79.00,177.45,23.00,426.45,1.24,6300.00,450.00,25111.45
NIFTY,17-Jul-2025,07-Aug-2025,PE,25350.00,289.95,334.30,286.10,320.00,320.00,320.00,15.00,288.59,3.41,5775.00,150.00,25111.45
NIFTY,17-Jul-2025,07-Aug-2025,PE,23950.00,-,-,-,65.05,-,45.50,-,-,-,-,-,25111.45
NIFTY,17-Jul-2025,07-Aug-2025,PE,24950.00,132.00,154.45,117.80,146.50,148.95,146.50,108.00,2032.33,11.38,8925.00,4575.00,25111.45
NIFTY,17-Jul-2025,07-Aug-2025,PE,23750.00,-,-,-,45.80,-,28.45,-,-,-,-,-,25111.45
NIFTY,17-Jul-2025,07-Aug-2025,PE,26600.00,-,-,-,1209.30,-,1437.40,-,-,-,-,-,25111.45
NIFTY,17-Jul-2025,07-Aug-2025,PE,26700.00,-,-,-,1288.60,-,1529.55,-,-,-,-,-,25111.45
NIFTY,17-Jul-2025,07-Aug-2025,PE,25250.00,238.00,279.70,233.25,268.60,273.00,268.60,128.00,2448.43,24.43,19725.00,4125.00,25111.45
NIFTY,17-Jul-2025,07-Aug-2025,PE,26200.00,-,-,-,913.90,-,1085.25,-,-,-,-,-,25111.45
NIFTY,17-Jul-2025,07-Aug-2025,PE,24050.00,-,-,-,60.60,60.60,56.75,-,-,-,75.00,-,25111.45
NIFTY,17-Jul-2025,07-Aug-2025,PE,25300.00,264.65,305.85,252.70,295.25,300.00,295.25,342.00,6561.21,71.76,56550.00,11325.00,25111.45
NIFTY,17-Jul-2025,07-Aug-2025,PE,25200.00,213.00,254.80,210.10,245.70,250.75,245.70,2308.00,44025.14,403.94,124275.00,71025.00,25111.45
NIFTY,17-Jul-2025,07-Aug-2025,PE,24400.00,38.55,47.00,37.10,44.15,44.75,44.15,480.00,8798.92,14.92,19575.00,2325.00,25111.45
NIFTY,17-Jul-2025,07-Aug-2025,PE,26400.00,-,-,-,1056.75,-,1257.60,-,-,-,-,-,25111.45
NIFTY,17-Jul-2025,07-Aug-2025,PE,24200.00,26.85,31.00,24.75,29.50,30.10,29.50,429.00,7795.34,8.99,47625.00,12600.00,25111.45
NIFTY,17-Jul-2025,07-Aug-2025,PE,25700.00,511.00,567.75,511.00,567.75,567.75,698.65,3.00,59.04,1.22,5625.00,-,25111.45
NIFTY,17-Jul-2025,07-Aug-2025,PE,24500.00,48.85,58.80,44.85,54.15,55.50,54.15,1526.00,28098.31,58.06,117300.00,25575.00,25111.45
NIFTY,17-Jul-2025,07-Aug-2025,PE,27000.00,-,-,-,1537.80,-,1812.85,-,-,-,-,-,25111.45
NIFTY,17-Jul-2025,07-Aug-2025,PE,23850.00,22.50,22.50,12.25,12.25,12.25,36.15,3.00,53.70,0.04,-,-,25111.45
NIFTY,17-Jul-2025,07-Aug-2025,PE,27100.00,-,-,-,1624.15,-,1909.00,-,-,-,-,-,25111.45
NIFTY,17-Jul-2025,07-Aug-2025,PE,26850.00,-,-,-,1411.20,-,1670.05,-,-,-,-,-,25111.45
NIFTY,17-Jul-2025,07-Aug-2025,PE,25550.00,408.45,408.45,408.45,408.45,408.45,598.20,1.00,19.47,0.31,1650.00,-,25111.45
NIFTY,17-Jul-2025,07-Aug-2025,PE,26000.00,769.55,816.15,769.55,816.10,816.10,816.10,7.00,140.74,4.24,6375.00,225.00,25111.45
NIFTY,17-Jul-2025,07-Aug-2025,PE,24850.00,107.85,124.60,100.05,118.65,120.90,118.65,94.00,1759.92,8.00,10725.00,3600.00,25111.45
NIFTY,17-Jul-2025,07-Aug-2025,PE,24750.00,88.10,100.50,79.00,95.60,96.95,95.60,108.00,2012.24,7.49,11100.00,4425.00,25111.45
NIFTY,17-Jul-2025,07-Aug-2025,PE,24450.00,44.05,52.10,40.40,49.20,48.25,49.20,77.00,1414.62,2.63,7425.00,825.00,25111.45
NIFTY,17-Jul-2025,07-Aug-2025,PE,23400.00,7.35,14.40,7.15,7.65,7.25,7.65,105.00,1843.45,0.70,6000.00,1725.00,25111.45
NIFTY,18-Jul-2025,07-Aug-2025,PE,25900.00,-,-,-,550.00,550.00,951.55,-,-,-,75.00,-,24968.40
NIFTY,18-Jul-2025,07-Aug-2025,PE,27150.00,-,-,-,1667.85,-,2099.75,-,-,-,-,-,24968.40
NIFTY,18-Jul-2025,07-Aug-2025,PE,24800.00,105.00,166.65,103.25,142.90,142.30,142.90,1701.00,31822.92,184.32,75075.00,16050.00,24968.40
NIFTY,18-Jul-2025,07-Aug-2025,PE,23350.00,8.50,11.60,7.10,10.20,10.30,10.20,92.00,1611.83,0.68,4950.00,3300.00,24968.40
NIFTY,18-Jul-2025,07-Aug-2025,PE,25550.00,547.55,547.55,547.55,547.55,547.55,686.20,2.00,39.15,0.82,1650.00,-,24968.40
NIFTY,18-Jul-2025,07-Aug-2025,PE,26700.00,-,-,-,1288.60,-,1664.75,-,-,-,-,-,24968.40
NIFTY,18-Jul-2025,07-Aug-2025,PE,24050.00,-,-,-,60.60,60.60,70.30,-,-,-,75.00,-,24968.40
NIFTY,18-Jul-2025,07-Aug-2025,PE,26450.00,-,-,-,1095.15,-,1430.70,-,-,-,-,-,24968.40
NIFTY,18-Jul-2025,07-Aug-2025,PE,24300.00,-,-,-,113.85,-,116.05,-,-,-,-,-,24968.40
NIFTY,18-Jul-2025,07-Aug-2025,PE,25700.00,701.35,724.90,670.10,681.80,681.80,681.80,43.00,851.47,22.64,5925.00,300.00,24968.40
NIFTY,18-Jul-2025,07-Aug-2025,PE,25950.00,-,-,-,749.75,-,992.35,-,-,-,-,-,24968.40
NIFTY,18-Jul-2025,07-Aug-2025,PE,27200.00,-,-,-,1711.95,-,2148.75,-,-,-,-,-,24968.40
NIFTY,18-Jul-2025,07-Aug-2025,PE,24650.00,77.45,122.90,77.45,103.75,103.00,103.75,308.00,5718.18,24.03,16950.00,10650.00,24968.40
NIFTY,18-Jul-2025,07-Aug-2025,PE,26150.00,-,-,-,879.70,-,1161.70,-,-,-,-,-,24968.40
NIFTY,18-Jul-2025,07-Aug-2025,PE,24100.00,-,-,-,83.35,-,78.05,-,-,-,-,-,24968.40
NIFTY,18-Jul-2025,07-Aug-2025,PE,25350.00,332.10,457.00,332.10,412.45,412.70,412.45,46.00,889.34,14.77,5775.00,-,24968.40
NIFTY,18-Jul-2025,07-Aug-2025,PE,25750.00,764.85,764.85,728.05,728.05,728.05,833.25,3.00,59.60,1.67,150.00,75.00,24968.40
NIFTY,18-Jul-2025,07-Aug-2025,PE,26850.00,-,-,-,1411.20,-,1808.25,-,-,-,-,-,24968.40
NIFTY,18-Jul-2025,07-Aug-2025,PE,24950.00,151.70,226.20,151.65,195.60,200.80,195.60,489.00,9224.85,74.44,20475.00,11550.00,24968.40
NIFTY,18-Jul-2025,07-Aug-2025,PE,26650.00,-,-,-,1248.70,-,1617.40,-,-,-,-,-,24968.40
NIFTY,18-Jul-2025,07-Aug-2025,PE,24750.00,97.50,150.80,97.50,129.60,132.75,129.60,341.00,6362.91,33.10,18825.00,7725.00,24968.40
NIFTY,18-Jul-2025,07-Aug-2025,PE,23800.00,14.50,22.05,12.80,18.70,18.55,18.70,330.00,5895.20,4.70,34425.00,3375.00,24968.40
NIFTY,18-Jul-2025,07-Aug-2025,PE,27000.00,1910.40,1910.40,1910.40,1910.40,1910.40,1953.35,1.00,21.68,1.43,75.00,75.00,24968.40
NIFTY,18-Jul-2025,07-Aug-2025,PE,26250.00,-,-,-,948.70,-,1249.60,-,-,-,-,-,24968.40
NIFTY,18-Jul-2025,07-Aug-2025,PE,23500.00,9.55,13.90,8.40,12.55,12.60,12.55,497.00,8763.97,4.35,38550.00,6900.00,24968.40
NIFTY,18-Jul-2025,07-Aug-2025,PE,23700.00,11.20,18.75,10.85,16.40,16.60,16.40,109.00,1938.78,1.31,19125.00,1725.00,24968.40
NIFTY,18-Jul-2025,07-Aug-2025,PE,24400.00,46.35,71.05,43.75,61.35,63.45,61.35,872.00,15997.41,39.81,31125.00,11550.00,24968.40
NIFTY,18-Jul-2025,07-Aug-2025,PE,26300.00,-,-,-,984.10,-,1294.25,-,-,-,-,-,24968.40
NIFTY,18-Jul-2025,07-Aug-2025,PE,23950.00,-,-,-,65.05,-,56.60,-,-,-,-,-,24968.40
NIFTY,18-Jul-2025,07-Aug-2025,PE,25300.00,304.95,416.45,294.35,373.70,374.90,373.70,627.00,12068.17,170.84,56550.00,-,24968.40
NIFTY,18-Jul-2025,07-Aug-2025,PE,26000.00,831.40,989.60,831.40,965.75,965.75,1033.80,33.00,667.47,23.97,6300.00,-75.00,24968.40
NIFTY,18-Jul-2025,07-Aug-2025,PE,23450.00,-,-,-,11.90,11.90,16.50,-,-,-,75.00,-,24968.40
NIFTY,18-Jul-2025,07-Aug-2025,PE,25200.00,251.80,356.90,247.75,314.30,314.50,314.30,1287.00,24626.62,302.32,112650.00,-11625.00,24968.40
NIFTY,18-Jul-2025,07-Aug-2025,PE,23650.00,11.20,17.15,10.90,15.00,15.00,15.00,41.00,727.67,0.43,15150.00,375.00,24968.40
NIFTY,18-Jul-2025,07-Aug-2025,PE,25650.00,680.20,692.50,645.10,645.10,645.10,758.00,10.00,197.39,5.01,2625.00,150.00,24968.40
NIFTY,18-Jul-2025,07-Aug-2025,PE,24200.00,28.05,46.55,28.05,41.20,42.40,41.20,665.00,12089.84,20.09,58875.00,11250.00,24968.40
NIFTY,18-Jul-2025,07-Aug-2025,PE,26750.00,-,-,-,1329.00,-,1712.35,-,-,-,-,-,24968.40
NIFTY,18-Jul-2025,07-Aug-2025,PE,24350.00,56.60,65.55,43.50,55.00,53.75,55.00,246.00,4502.73,10.15,11100.00,10800.00,24968.40
NIFTY,18-Jul-2025,07-Aug-2025,PE,26800.00,-,-,-,1369.90,-,1760.20,-,-,-,-,-,24968.40
NIFTY,18-Jul-2025,07-Aug-2025,PE,24900.00,135.80,204.40,131.40,175.30,177.05,175.30,1218.00,22910.79,164.64,59775.00,10950.00,24968.40
NIFTY,18-Jul-2025,07-Aug-2025,PE,23900.00,16.45,25.70,16.45,22.80,21.95,22.80,132.00,2368.22,2.12,14775.00,2475.00,24968.40
NIFTY,18-Jul-2025,07-Aug-2025,PE,25150.00,220.20,325.00,220.20,286.65,287.00,286.65,405.00,7721.96,82.65,16875.00,2925.00,24968.40
NIFTY,18-Jul-2025,07-Aug-2025,PE,24550.00,61.95,100.55,60.60,83.45,84.60,83.45,378.00,6984.69,24.77,20625.00,11925.00,24968.40
NIFTY,18-Jul-2025,07-Aug-2025,PE,25000.00,166.95,247.85,162.40,213.75,216.95,213.75,4339.00,82061.40,705.15,209325.00,60825.00,24968.40
NIFTY,18-Jul-2025,07-Aug-2025,PE,26200.00,-,-,-,913.90,-,1205.40,-,-,-,-,-,24968.40
NIFTY,18-Jul-2025,07-Aug-2025,PE,23850.00,18.40,24.40,14.30,20.95,20.35,20.95,88.00,1575.50,1.40,5700.00,5700.00,24968.40
NIFTY,18-Jul-2025,07-Aug-2025,PE,26400.00,-,-,-,1056.75,-,1384.80,-,-,-,-,-,24968.40
NIFTY,18-Jul-2025,07-Aug-2025,PE,26900.00,-,-,-,1453.00,-,1856.45,-,-,-,-,-,24968.40
NIFTY,18-Jul-2025,07-Aug-2025,PE,25400.00,378.95,491.75,372.40,445.55,444.60,445.55,303.00,5874.22,102.07,24225.00,1500.00,24968.40
NIFTY,18-Jul-2025,07-Aug-2025,PE,26500.00,1417.75,1417.75,1417.75,1417.75,1417.75,1476.90,1.00,20.94,1.06,75.00,75.00,24968.40
NIFTY,18-Jul-2025,07-Aug-2025,PE,25850.00,-,-,-,500.25,500.25,911.40,-,-,-,75.00,-,24968.40
NIFTY,18-Jul-2025,07-Aug-2025,PE,26550.00,-,-,-,1170.40,-,1523.45,-,-,-,-,-,24968.40
NIFTY,18-Jul-2025,07-Aug-2025,PE,27100.00,-,-,-,1624.15,-,2050.85,-,-,-,-,-,24968.40
NIFTY,18-Jul-2025,07-Aug-2025,PE,25250.00,276.95,386.25,274.50,343.70,345.00,343.70,255.00,4898.57,69.51,14550.00,-5175.00,24968.40
NIFTY,18-Jul-2025,07-Aug-2025,PE,24000.00,19.75,32.40,19.35,27.35,28.95,27.35,2341.00,42186.27,48.27,88050.00,38325.00,24968.40
NIFTY,18-Jul-2025,07-Aug-2025,PE,23400.00,7.70,11.85,6.85,10.15,10.80,10.15,151.00,2651.12,1.07,12900.00,6900.00,24968.40
NIFTY,18-Jul-2025,07-Aug-2025,PE,27250.00,-,-,-,1756.35,-,2197.85,-,-,-,-,-,24968.40
NIFTY,18-Jul-2025,07-Aug-2025,PE,26100.00,-,-,-,846.20,-,1118.50,-,-,-,-,-,24968.40
NIFTY,18-Jul-2025,07-Aug-2025,PE,26950.00,-,-,-,1495.20,-,1904.80,-,-,-,-,-,24968.40
NIFTY,18-Jul-2025,07-Aug-2025,PE,24150.00,-,-,-,79.70,79.70,86.50,-,-,-,75.00,-,24968.40
NIFTY,18-Jul-2025,07-Aug-2025,PE,24700.00,86.20,135.05,84.65,115.20,117.70,115.20,844.00,15708.19,73.09,65925.00,10875.00,24968.40
NIFTY,18-Jul-2025,07-Aug-2025,PE,26600.00,-,-,-,1209.30,-,1570.25,-,-,-,-,-,24968.40
NIFTY,18-Jul-2025,07-Aug-2025,PE,24250.00,-,-,-,105.55,-,105.45,-,-,-,-,-,24968.40
NIFTY,18-Jul-2025,07-Aug-2025,PE,25800.00,676.20,822.30,670.00,769.85,770.00,769.85,129.00,2566.45,70.30,9000.00,225.00,24968.40
NIFTY,18-Jul-2025,07-Aug-2025,PE,23600.00,11.10,15.75,11.10,14.25,13.25,14.25,26.00,460.47,0.27,2700.00,150.00,24968.40
NIFTY,18-Jul-2025,07-Aug-2025,PE,25600.00,501.25,648.10,501.25,599.00,599.00,721.65,40.00,785.73,17.73,10275.00,-225.00,24968.40
NIFTY,18-Jul-2025,07-Aug-2025,PE,24500.00,54.70,88.05,53.30,74.60,76.85,74.60,3467.00,63898.15,192.02,178200.00,60900.00,24968.40
NIFTY,18-Jul-2025,07-Aug-2025,PE,24450.00,49.40,79.80,49.40,67.90,67.70,67.90,208.00,3825.13,10.93,13725.00,6300.00,24968.40
NIFTY,18-Jul-2025,07-Aug-2025,PE,24600.00,68.75,109.40,67.00,93.25,94.45,93.25,1420.00,26299.55,100.55,52575.00,21150.00,24968.40
NIFTY,18-Jul-2025,07-Aug-2025,PE,23550.00,-,-,-,31.50,-,21.55,-,-,-,-,-,24968.40
NIFTY,18-Jul-2025,07-Aug-2025,PE,25450.00,513.65,513.70,498.95,509.30,509.30,617.95,4.00,77.88,1.53,450.00,150.00,24968.40
NIFTY,18-Jul-2025,07-Aug-2025,PE,25050.00,187.30,275.40,184.10,238.20,240.00,238.20,528.00,10016.30,96.50,21675.00,12900.00,24968.40
NIFTY,18-Jul-2025,07-Aug-2025,PE,23750.00,-,-,-,45.80,-,35.65,-,-,-,-,-,24968.40
NIFTY,18-Jul-2025,07-Aug-2025,PE,26050.00,-,-,-,813.40,-,1075.90,-,-,-,-,-,24968.40
NIFTY,18-Jul-2025,07-Aug-2025,PE,24850.00,121.70,186.00,121.70,159.45,157.55,159.45,314.00,5889.74,37.56,17850.00,7125.00,24968.40
NIFTY,18-Jul-2025,07-Aug-2025,PE,26350.00,-,-,-,1020.15,-,1339.35,-,-,-,-,-,24968.40
NIFTY,18-Jul-2025,07-Aug-2025,PE,27050.00,-,-,-,1580.75,-,2002.05,-,-,-,-,-,24968.40
NIFTY,18-Jul-2025,07-Aug-2025,PE,25100.00,203.35,300.00,202.90,261.50,263.60,261.50,2270.00,43178.42,445.67,87900.00,52275.00,24968.40
NIFTY,18-Jul-2025,07-Aug-2025,PE,25500.00,439.00,565.00,439.00,515.15,520.00,515.15,361.00,7046.39,142.27,32250.00,1500.00,24968.40
NIFTY,21-Jul-2025,07-Aug-2025,PE,26950.00,-,-,-,1495.20,-,1793.55,-,-,-,-,-,25090.70
NIFTY,21-Jul-2025,07-Aug-2025,PE,23550.00,-,-,-,31.50,-,10.40,-,-,-,-,-,25090.70
NIFTY,21-Jul-2025,07-Aug-2025,PE,26650.00,-,-,-,1248.70,-,1505.35,-,-,-,-,-,25090.70
NIFTY,21-Jul-2025,07-Aug-2025,PE,25150.00,305.55,342.10,210.80,220.00,212.40,220.00,308.00,5866.16,56.51,25350.00,8475.00,25090.70
NIFTY,21-Jul-2025,07-Aug-2025,PE,27200.00,-,-,-,1711.95,-,2038.20,-,-,-,-,-,25090.70
NIFTY,21-Jul-2025,07-Aug-2025,PE,25250.00,367.95,403.50,256.70,267.75,257.15,267.75,79.00,1514.55,18.49,12750.00,-1800.00,25090.70
NIFTY,21-Jul-2025,07-Aug-2025,PE,23950.00,-,-,-,65.05,-,32.50,-,-,-,-,-,25090.70
NIFTY,21-Jul-2025,07-Aug-2025,PE,23850.00,20.95,20.95,12.95,12.95,12.95,12.95,133.00,2380.55,1.51,12450.00,6750.00,25090.70
NIFTY,21-Jul-2025,07-Aug-2025,PE,25950.00,-,-,-,749.75,-,882.65,-,-,-,-,-,25090.70
NIFTY,21-Jul-2025,07-Aug-2025,PE,25500.00,542.05,593.65,421.50,430.65,425.65,430.65,507.00,9881.03,184.65,36375.00,4125.00,25090.70
NIFTY,21-Jul-2025,07-Aug-2025,PE,24000.00,27.40,28.85,16.15,17.20,16.30,17.20,3252.00,58585.38,49.38,143550.00,55500.00,25090.70
NIFTY,21-Jul-2025,07-Aug-2025,PE,24400.00,63.15,69.15,35.60,38.90,36.20,38.90,3293.00,60375.14,113.24,75075.00,43950.00,25090.70
NIFTY,21-Jul-2025,07-Aug-2025,PE,26450.00,-,-,-,1095.15,-,1318.45,-,-,-,-,-,25090.70
NIFTY,21-Jul-2025,07-Aug-2025,PE,25200.00,330.05,374.15,234.00,243.35,234.00,243.35,1899.00,36300.69,409.59,131550.00,18900.00,25090.70
NIFTY,21-Jul-2025,07-Aug-2025,PE,26150.00,-,-,-,879.70,-,1050.25,-,-,-,-,-,25090.70
NIFTY,21-Jul-2025,07-Aug-2025,PE,26800.00,-,-,-,1369.90,-,1648.50,-,-,-,-,-,25090.70
NIFTY,21-Jul-2025,07-Aug-2025,PE,27150.00,-,-,-,1667.85,-,1989.05,-,-,-,-,-,25090.70
NIFTY,21-Jul-2025,07-Aug-2025,PE,24950.00,203.05,232.50,134.05,137.20,135.00,137.20,534.00,10063.61,71.13,25275.00,4800.00,25090.70
NIFTY,21-Jul-2025,07-Aug-2025,PE,26050.00,-,-,-,813.40,-,965.15,-,-,-,-,-,25090.70
NIFTY,21-Jul-2025,07-Aug-2025,PE,24100.00,-,-,-,83.35,-,47.40,-,-,-,-,-,25090.70
NIFTY,21-Jul-2025,07-Aug-2025,PE,23700.00,16.60,17.55,9.05,9.65,9.10,9.65,380.00,6757.70,3.20,28500.00,9375.00,25090.70
NIFTY,21-Jul-2025,07-Aug-2025,PE,24800.00,149.65,168.90,90.80,97.65,93.50,97.65,3476.00,64954.50,300.90,111375.00,36300.00,25090.70
NIFTY,21-Jul-2025,07-Aug-2025,PE,25750.00,-,-,-,728.05,728.05,727.55,-,-,-,150.00,-,25090.70
NIFTY,21-Jul-2025,07-Aug-2025,PE,23800.00,18.70,19.65,11.30,12.05,11.80,12.05,653.00,11662.62,6.57,44175.00,9750.00,25090.70
NIFTY,21-Jul-2025,07-Aug-2025,PE,24650.00,102.30,120.35,65.00,67.30,66.70,67.30,241.00,4470.19,14.70,19425.00,2475.00,25090.70
NIFTY,21-Jul-2025,07-Aug-2025,PE,26500.00,1335.10,1335.10,1335.10,1335.10,1335.10,1335.10,1.00,20.88,1.00,150.00,75.00,25090.70
NIFTY,21-Jul-2025,07-Aug-2025,PE,25050.00,250.45,283.00,168.90,177.20,169.00,177.20,749.00,14184.70,112.87,30525.00,8850.00,25090.70
NIFTY,21-Jul-2025,07-Aug-2025,PE,26700.00,-,-,-,1288.60,-,1552.85,-,-,-,-,-,25090.70
NIFTY,21-Jul-2025,07-Aug-2025,PE,23350.00,10.30,11.20,4.90,5.00,4.90,5.00,166.00,2907.93,0.85,7200.00,2250.00,25090.70
NIFTY,21-Jul-2025,07-Aug-2025,PE,24250.00,-,-,-,105.55,-,67.40,-,-,-,-,-,25090.70
NIFTY,21-Jul-2025,07-Aug-2025,PE,27100.00,-,-,-,1624.15,-,1940.00,-,-,-,-,-,25090.70
NIFTY,21-Jul-2025,07-Aug-2025,PE,24850.00,162.40,188.05,104.70,109.70,104.70,109.70,1252.00,23453.43,119.28,70125.00,52275.00,25090.70
NIFTY,21-Jul-2025,07-Aug-2025,PE,25700.00,760.00,760.00,604.00,615.00,615.00,689.55,23.00,454.02,10.70,6225.00,300.00,25090.70
NIFTY,21-Jul-2025,07-Aug-2025,PE,26550.00,-,-,-,1170.40,-,1411.25,-,-,-,-,-,25090.70
NIFTY,21-Jul-2025,07-Aug-2025,PE,23650.00,13.50,13.50,9.10,9.10,9.10,9.10,162.00,2874.72,1.25,22200.00,7050.00,25090.70
NIFTY,21-Jul-2025,07-Aug-2025,PE,24300.00,-,-,-,113.85,-,75.40,-,-,-,-,-,25090.70
NIFTY,21-Jul-2025,07-Aug-2025,PE,24700.00,119.10,135.25,72.75,77.80,72.80,77.80,2589.00,48137.14,175.92,101250.00,35325.00,25090.70
NIFTY,21-Jul-2025,07-Aug-2025,PE,25000.00,210.00,255.30,148.75,155.40,149.75,155.40,6431.00,121504.48,923.23,301125.00,91800.00,25090.70
NIFTY,21-Jul-2025,07-Aug-2025,PE,26900.00,-,-,-,1453.00,-,1745.05,-,-,-,-,-,25090.70
NIFTY,21-Jul-2025,07-Aug-2025,PE,25550.00,590.00,590.00,493.25,517.90,517.90,584.35,30.00,586.31,11.43,2175.00,525.00,25090.70
NIFTY,21-Jul-2025,07-Aug-2025,PE,25900.00,-,-,-,550.00,550.00,842.45,-,-,-,75.00,-,25090.70
NIFTY,21-Jul-2025,07-Aug-2025,PE,24350.00,52.55,60.80,31.75,34.65,32.15,34.65,474.00,8670.61,14.18,23175.00,12075.00,25090.70
NIFTY,21-Jul-2025,07-Aug-2025,PE,24200.00,35.00,43.00,23.70,25.15,24.00,25.15,2226.00,40450.28,48.38,110325.00,51450.00,25090.70
NIFTY,21-Jul-2025,07-Aug-2025,PE,25350.00,436.75,477.00,323.00,324.35,323.50,324.35,41.00,792.39,12.87,6075.00,300.00,25090.70
NIFTY,21-Jul-2025,07-Aug-2025,PE,27000.00,-,-,-,1910.40,1910.40,1842.25,-,-,-,75.00,-,25090.70
NIFTY,21-Jul-2025,07-Aug-2025,PE,23300.00,-,-,-,19.10,-,4.60,-,-,-,-,-,25090.70
NIFTY,21-Jul-2025,07-Aug-2025,PE,26100.00,-,-,-,846.20,-,1007.40,-,-,-,-,-,25090.70
NIFTY,21-Jul-2025,07-Aug-2025,PE,26600.00,-,-,-,1209.30,-,1458.15,-,-,-,-,-,25090.70
NIFTY,21-Jul-2025,07-Aug-2025,PE,23450.00,-,-,-,11.90,11.90,7.60,-,-,-,75.00,-,25090.70
NIFTY,21-Jul-2025,07-Aug-2025,PE,26300.00,-,-,-,984.10,-,1182.20,-,-,-,-,-,25090.70
NIFTY,21-Jul-2025,07-Aug-2025,PE,23200.00,6.00,6.00,4.30,4.80,4.45,4.80,94.00,1635.94,0.34,6675.00,6675.00,25090.70
NIFTY,21-Jul-2025,07-Aug-2025,PE,25850.00,-,-,-,500.25,500.25,803.00,-,-,-,75.00,-,25090.70
NIFTY,21-Jul-2025,07-Aug-2025,PE,23600.00,15.75,15.75,8.00,8.15,8.00,8.15,115.00,2036.34,0.84,5250.00,2550.00,25090.70
NIFTY,21-Jul-2025,07-Aug-2025,PE,27050.00,-,-,-,1580.75,-,1891.05,-,-,-,-,-,25090.70
NIFTY,21-Jul-2025,07-Aug-2025,PE,24600.00,92.70,108.55,56.95,60.20,56.95,60.20,3452.00,63881.24,191.84,111300.00,58725.00,25090.70
NIFTY,21-Jul-2025,07-Aug-2025,PE,25800.00,787.25,865.05,692.00,715.00,715.00,764.40,16.00,318.28,8.68,9375.00,375.00,25090.70
NIFTY,21-Jul-2025,07-Aug-2025,PE,25300.00,393.15,440.10,290.00,298.70,290.70,298.70,627.00,12059.54,162.22,57150.00,600.00,25090.70
NIFTY,21-Jul-2025,07-Aug-2025,PE,24900.00,180.25,207.95,117.65,122.75,117.85,122.75,5056.00,94977.57,556.77,143850.00,84075.00,25090.70
NIFTY,21-Jul-2025,07-Aug-2025,PE,24150.00,-,-,-,79.70,79.70,53.45,-,-,-,75.00,-,25090.70
NIFTY,21-Jul-2025,07-Aug-2025,PE,24050.00,-,-,-,60.60,60.60,41.90,-,-,-,75.00,-,25090.70
NIFTY,21-Jul-2025,07-Aug-2025,PE,25100.00,271.30,309.95,187.30,194.90,187.30,194.90,3263.00,61970.87,544.89,170850.00,82950.00,25090.70
NIFTY,21-Jul-2025,07-Aug-2025,PE,23900.00,22.30,22.95,13.55,14.40,13.55,14.40,217.00,3892.36,2.63,22725.00,7950.00,25090.70
NIFTY,21-Jul-2025,07-Aug-2025,PE,25650.00,659.95,672.60,564.85,586.15,586.15,653.55,18.00,354.15,7.88,2700.00,75.00,25090.70
NIFTY,21-Jul-2025,07-Aug-2025,PE,26250.00,-,-,-,948.70,-,1137.70,-,-,-,-,-,25090.70
NIFTY,21-Jul-2025,07-Aug-2025,PE,26000.00,900.00,910.90,856.70,856.70,856.70,856.70,38.00,766.34,25.34,6225.00,-75.00,25090.70
NIFTY,21-Jul-2025,07-Aug-2025,PE,26400.00,-,-,-,1056.75,-,1272.60,-,-,-,-,-,25090.70
NIFTY,21-Jul-2025,07-Aug-2025,PE,26350.00,-,-,-,1020.15,-,1227.20,-,-,-,-,-,25090.70
NIFTY,21-Jul-2025,07-Aug-2025,PE,23400.00,10.15,11.70,5.65,5.70,5.80,5.70,161.00,2826.44,0.89,14925.00,2025.00,25090.70
NIFTY,21-Jul-2025,07-Aug-2025,PE,23250.00,-,-,-,17.20,-,3.85,-,-,-,-,-,25090.70
NIFTY,21-Jul-2025,07-Aug-2025,PE,25450.00,500.00,500.00,452.80,452.80,452.80,519.15,3.00,58.32,1.05,525.00,75.00,25090.70
NIFTY,21-Jul-2025,07-Aug-2025,PE,26200.00,-,-,-,913.90,-,1093.70,-,-,-,-,-,25090.70
NIFTY,21-Jul-2025,07-Aug-2025,PE,24500.00,76.45,85.65,45.50,48.70,46.95,48.70,7457.00,137361.50,339.13,232125.00,53925.00,25090.70
NIFTY,21-Jul-2025,07-Aug-2025,PE,27250.00,-,-,-,1756.35,-,2087.45,-,-,-,-,-,25090.70
NIFTY,21-Jul-2025,07-Aug-2025,PE,25600.00,615.90,673.65,514.10,515.10,516.05,515.10,44.00,862.95,18.15,10800.00,525.00,25090.70
NIFTY,21-Jul-2025,07-Aug-2025,PE,23750.00,-,-,-,45.80,-,18.85,-,-,-,-,-,25090.70
NIFTY,21-Jul-2025,07-Aug-2025,PE,24550.00,83.05,94.65,51.80,54.25,52.10,54.25,424.00,7828.71,21.81,22275.00,1650.00,25090.70
NIFTY,21-Jul-2025,07-Aug-2025,PE,24450.00,65.80,73.25,40.55,44.00,42.10,44.00,302.00,5549.28,11.36,18750.00,5025.00,25090.70
NIFTY,21-Jul-2025,07-Aug-2025,PE,26850.00,-,-,-,1411.20,-,1696.70,-,-,-,-,-,25090.70
NIFTY,21-Jul-2025,07-Aug-2025,PE,25400.00,467.80,518.85,353.95,360.50,354.10,360.50,431.00,8339.56,129.01,28050.00,3825.00,25090.70
NIFTY,21-Jul-2025,07-Aug-2025,PE,23500.00,11.45,11.80,6.30,7.00,6.70,7.00,1755.00,30941.79,9.92,90825.00,52275.00,25090.70
NIFTY,21-Jul-2025,07-Aug-2025,PE,24750.00,125.00,149.10,83.00,86.70,83.55,86.70,223.00,4156.82,17.38,19800.00,975.00,25090.70
NIFTY,21-Jul-2025,07-Aug-2025,PE,26750.00,-,-,-,1329.00,-,1600.55,-,-,-,-,-,25090.70
NIFTY,22-Jul-2025,07-Aug-2025,PE,26800.00,-,-,-,1369.90,-,1679.05,-,-,-,-,-,25060.90
NIFTY,22-Jul-2025,07-Aug-2025,PE,24000.00,16.35,16.35,12.75,14.05,13.70,14.05,3041.00,54770.18,32.18,176175.00,32625.00,25060.90
NIFTY,22-Jul-2025,07-Aug-2025,PE,24150.00,-,-,-,79.70,79.70,51.75,-,-,-,75.00,-,25060.90
NIFTY,22-Jul-2025,07-Aug-2025,PE,23400.00,5.85,5.85,4.20,4.80,4.25,4.80,53.00,930.34,0.19,15300.00,375.00,25060.90
NIFTY,22-Jul-2025,07-Aug-2025,PE,24750.00,68.20,90.75,68.20,79.55,78.85,79.55,998.00,18584.49,59.11,55125.00,35325.00,25060.90
NIFTY,22-Jul-2025,07-Aug-2025,PE,26450.00,-,-,-,1095.15,-,1345.75,-,-,-,-,-,25060.90
NIFTY,22-Jul-2025,07-Aug-2025,PE,23850.00,12.95,13.20,9.10,12.05,10.20,12.05,90.00,1610.62,0.75,13725.00,1275.00,25060.90
NIFTY,22-Jul-2025,07-Aug-2025,PE,24600.00,50.25,61.75,47.10,53.15,51.15,53.15,2577.00,47649.52,103.87,167100.00,55800.00,25060.90
NIFTY,22-Jul-2025,07-Aug-2025,PE,27050.00,-,-,-,1580.75,-,1923.10,-,-,-,-,-,25060.90
NIFTY,22-Jul-2025,07-Aug-2025,PE,26000.00,895.00,895.00,850.00,872.00,872.00,872.00,6.00,120.94,3.94,6225.00,-,25060.90
NIFTY,22-Jul-2025,07-Aug-2025,PE,23800.00,12.05,12.40,8.70,9.55,9.90,9.55,550.00,9821.49,3.99,54450.00,10275.00,25060.90
NIFTY,22-Jul-2025,07-Aug-2025,PE,26600.00,1410.30,1460.10,1410.30,1460.10,1460.10,1487.05,2.00,42.05,2.15,-,-,25060.90
NIFTY,22-Jul-2025,07-Aug-2025,PE,24550.00,52.10,54.30,41.35,46.75,46.00,46.75,357.00,6585.89,12.63,30375.00,8100.00,25060.90
NIFTY,22-Jul-2025,07-Aug-2025,PE,26050.00,877.50,927.85,877.50,927.85,927.85,986.70,2.00,40.43,1.35,-,-,25060.90
NIFTY,22-Jul-2025,07-Aug-2025,PE,26100.00,-,-,-,846.20,-,1029.75,-,-,-,-,-,25060.90
NIFTY,22-Jul-2025,07-Aug-2025,PE,23700.00,9.00,9.00,7.05,7.85,7.75,7.85,175.00,3111.69,1.07,30900.00,2400.00,25060.90
NIFTY,22-Jul-2025,07-Aug-2025,PE,24800.00,90.00,104.05,76.85,90.05,90.10,90.05,2854.00,53276.42,192.02,144525.00,33150.00,25060.90
NIFTY,22-Jul-2025,07-Aug-2025,PE,24200.00,20.00,23.80,18.95,20.95,20.95,20.95,1416.00,25722.71,22.31,122100.00,11775.00,25060.90
NIFTY,22-Jul-2025,07-Aug-2025,PE,26700.00,-,-,-,1288.60,-,1582.60,-,-,-,-,-,25060.90
NIFTY,22-Jul-2025,07-Aug-2025,PE,26350.00,-,-,-,1020.15,-,1253.25,-,-,-,-,-,25060.90
NIFTY,22-Jul-2025,07-Aug-2025,PE,23900.00,11.90,13.30,10.10,11.15,10.85,11.15,425.00,7621.72,3.59,39075.00,16350.00,25060.90
NIFTY,22-Jul-2025,07-Aug-2025,PE,24050.00,-,-,-,60.60,60.60,40.25,-,-,-,75.00,-,25060.90
NIFTY,22-Jul-2025,07-Aug-2025,PE,25000.00,123.00,168.40,122.95,149.50,151.00,149.50,9952.00,187702.81,1102.81,427425.00,126300.00,25060.90
NIFTY,22-Jul-2025,07-Aug-2025,PE,23300.00,-,-,-,19.10,-,4.05,-,-,-,-,-,25060.90
NIFTY,22-Jul-2025,07-Aug-2025,PE,27100.00,-,-,-,1624.15,-,1972.25,-,-,-,-,-,25060.90
NIFTY,22-Jul-2025,07-Aug-2025,PE,24450.00,33.45,43.75,32.85,37.25,37.45,37.25,352.00,6464.60,9.80,22725.00,3975.00,25060.90
NIFTY,22-Jul-2025,07-Aug-2025,PE,24400.00,39.00,39.00,29.05,33.50,33.35,33.50,3143.00,57595.24,78.34,157350.00,82275.00,25060.90
NIFTY,22-Jul-2025,07-Aug-2025,PE,23550.00,-,-,-,31.50,-,9.50,-,-,-,-,-,25060.90
NIFTY,22-Jul-2025,07-Aug-2025,PE,24900.00,106.95,133.30,99.05,116.85,119.45,116.85,2383.00,44709.37,206.85,161025.00,17175.00,25060.90
NIFTY,22-Jul-2025,07-Aug-2025,PE,24350.00,29.50,33.00,27.00,29.00,29.85,29.00,873.00,15962.44,19.28,36075.00,12900.00,25060.90
NIFTY,22-Jul-2025,07-Aug-2025,PE,26250.00,-,-,-,948.70,-,1162.35,-,-,-,-,-,25060.90
NIFTY,22-Jul-2025,07-Aug-2025,PE,23250.00,3.85,5.15,3.10,3.85,4.05,3.85,30.00,523.22,0.09,1200.00,1200.00,25060.90
NIFTY,22-Jul-2025,07-Aug-2025,PE,26750.00,-,-,-,1329.00,-,1630.75,-,-,-,-,-,25060.90
NIFTY,22-Jul-2025,07-Aug-2025,PE,24500.00,40.00,49.25,37.20,42.10,42.10,42.10,7960.00,146516.83,251.83,310425.00,78300.00,25060.90
NIFTY,22-Jul-2025,07-Aug-2025,PE,23500.00,5.70,8.00,4.95,5.50,8.00,5.50,2010.00,35434.82,8.57,105150.00,14325.00,25060.90
NIFTY,22-Jul-2025,07-Aug-2025,PE,27150.00,-,-,-,1667.85,-,2021.50,-,-,-,-,-,25060.90
NIFTY,22-Jul-2025,07-Aug-2025,PE,25450.00,355.05,417.45,355.05,398.40,400.95,398.40,43.00,833.22,12.46,2250.00,1725.00,25060.90
NIFTY,22-Jul-2025,07-Aug-2025,PE,26650.00,-,-,-,1248.70,-,1534.70,-,-,-,-,-,25060.90
NIFTY,22-Jul-2025,07-Aug-2025,PE,25550.00,-,-,-,517.90,517.90,596.70,-,-,-,2175.00,-,25060.90
NIFTY,22-Jul-2025,07-Aug-2025,PE,25250.00,266.30,287.95,226.90,267.35,269.80,267.35,369.00,7059.49,71.56,15225.00,2475.00,25060.90
NIFTY,22-Jul-2025,07-Aug-2025,PE,25500.00,391.00,458.00,391.00,440.85,447.40,440.85,548.00,10655.46,174.96,43575.00,7200.00,25060.90
NIFTY,22-Jul-2025,07-Aug-2025,PE,23350.00,5.00,5.00,4.05,4.40,4.40,4.40,62.00,1085.98,0.21,9750.00,2550.00,25060.90
NIFTY,22-Jul-2025,07-Aug-2025,PE,23450.00,4.25,4.60,4.10,4.35,4.35,6.80,34.00,598.09,0.11,1650.00,1575.00,25060.90
NIFTY,22-Jul-2025,07-Aug-2025,PE,23650.00,9.80,9.80,6.50,7.00,7.00,7.00,29.00,514.55,0.16,21225.00,-975.00,25060.90
NIFTY,22-Jul-2025,07-Aug-2025,PE,25600.00,461.85,530.65,461.80,515.75,516.40,515.75,205.00,4010.49,74.49,21225.00,10425.00,25060.90
NIFTY,22-Jul-2025,07-Aug-2025,PE,25800.00,-,-,-,715.00,715.00,781.50,-,-,-,9375.00,-,25060.90
NIFTY,22-Jul-2025,07-Aug-2025,PE,25400.00,329.95,393.00,308.20,360.95,365.00,360.95,325.00,6276.53,85.28,31575.00,3525.00,25060.90
NIFTY,22-Jul-2025,07-Aug-2025,PE,25350.00,285.00,342.05,285.00,330.35,331.15,330.35,63.00,1213.09,15.30,6825.00,750.00,25060.90
NIFTY,22-Jul-2025,07-Aug-2025,PE,24250.00,-,-,-,105.55,-,65.80,-,-,-,-,-,25060.90
NIFTY,22-Jul-2025,07-Aug-2025,PE,27200.00,-,-,-,1711.95,-,2070.85,-,-,-,-,-,25060.90
NIFTY,22-Jul-2025,07-Aug-2025,PE,24300.00,-,-,-,113.85,-,73.85,-,-,-,-,-,25060.90
NIFTY,22-Jul-2025,07-Aug-2025,PE,25700.00,615.00,615.00,572.65,598.55,598.55,705.85,44.00,867.53,19.43,9075.00,2850.00,25060.90
NIFTY,22-Jul-2025,07-Aug-2025,PE,24650.00,57.00,69.90,53.80,60.90,60.90,60.90,390.00,7228.10,17.97,20100.00,675.00,25060.90
NIFTY,22-Jul-2025,07-Aug-2025,PE,23200.00,4.35,4.75,3.50,4.25,4.40,4.25,112.00,1949.14,0.34,12150.00,5475.00,25060.90
NIFTY,22-Jul-2025,07-Aug-2025,PE,25900.00,738.90,738.90,729.15,729.15,729.15,861.40,2.00,39.95,1.10,75.00,-,25060.90
NIFTY,22-Jul-2025,07-Aug-2025,PE,25200.00,225.10,262.60,202.15,238.50,245.70,238.50,4526.00,86325.99,784.59,187575.00,56025.00,25060.90
NIFTY,22-Jul-2025,07-Aug-2025,PE,27250.00,-,-,-,1756.35,-,2120.25,-,-,-,-,-,25060.90
NIFTY,22-Jul-2025,07-Aug-2025,PE,26300.00,-,-,-,984.10,-,1207.60,-,-,-,-,-,25060.90
NIFTY,22-Jul-2025,07-Aug-2025,PE,27000.00,-,-,-,1910.40,1910.40,1874.00,-,-,-,75.00,-,25060.90
NIFTY,22-Jul-2025,07-Aug-2025,PE,25650.00,-,-,-,586.15,586.15,667.80,-,-,-,2700.00,-,25060.90
NIFTY,22-Jul-2025,07-Aug-2025,PE,24850.00,98.15,120.60,96.00,102.35,103.60,102.35,499.00,9338.76,38.65,77475.00,7350.00,25060.90
NIFTY,22-Jul-2025,07-Aug-2025,PE,26850.00,-,-,-,1411.20,-,1727.60,-,-,-,-,-,25060.90
NIFTY,22-Jul-2025,07-Aug-2025,PE,24700.00,64.50,80.70,59.00,68.85,68.05,68.85,3422.00,63570.50,177.95,159975.00,58725.00,25060.90
NIFTY,22-Jul-2025,07-Aug-2025,PE,23950.00,-,-,-,65.05,-,30.95,-,-,-,-,-,25060.90
NIFTY,22-Jul-2025,07-Aug-2025,PE,26900.00,-,-,-,1453.00,-,1776.25,-,-,-,-,-,25060.90
NIFTY,22-Jul-2025,07-Aug-2025,PE,26200.00,1019.80,1079.35,1019.80,1079.35,1079.35,1117.65,2.00,40.87,1.57,-,-,25060.90
NIFTY,22-Jul-2025,07-Aug-2025,PE,23750.00,-,-,-,45.80,-,17.60,-,-,-,-,-,25060.90
NIFTY,22-Jul-2025,07-Aug-2025,PE,26950.00,-,-,-,1495.20,-,1825.05,-,-,-,-,-,25060.90
NIFTY,22-Jul-2025,07-Aug-2025,PE,23600.00,7.65,7.85,5.65,6.10,6.40,6.10,78.00,1380.99,0.39,7125.00,1875.00,25060.90
NIFTY,22-Jul-2025,07-Aug-2025,PE,26400.00,-,-,-,1056.75,-,1299.30,-,-,-,-,-,25060.90
NIFTY,22-Jul-2025,07-Aug-2025,PE,25750.00,-,-,-,728.05,728.05,742.80,-,-,-,150.00,-,25060.90
NIFTY,22-Jul-2025,07-Aug-2025,PE,26500.00,-,-,-,1335.10,1335.10,1392.50,-,-,-,150.00,-,25060.90
NIFTY,22-Jul-2025,07-Aug-2025,PE,25150.00,210.00,235.70,182.40,215.40,221.10,215.40,920.00,17499.02,145.52,41175.00,15825.00,25060.90
NIFTY,22-Jul-2025,07-Aug-2025,PE,24950.00,128.70,149.05,121.50,132.35,130.65,132.35,435.00,8182.95,43.01,29475.00,4200.00,25060.90
NIFTY,22-Jul-2025,07-Aug-2025,PE,25050.00,158.50,188.75,150.00,169.05,169.80,169.05,1808.00,34196.68,228.88,47550.00,17025.00,25060.90
NIFTY,22-Jul-2025,07-Aug-2025,PE,25950.00,787.45,787.45,785.65,785.65,785.65,902.45,2.00,40.10,1.18,-,-,25060.90
NIFTY,22-Jul-2025,07-Aug-2025,PE,25850.00,692.70,693.75,692.70,693.75,693.75,821.05,2.00,39.81,1.04,75.00,-,25060.90
NIFTY,22-Jul-2025,07-Aug-2025,PE,24100.00,-,-,-,83.35,-,45.75,-,-,-,-,-,25060.90
NIFTY,22-Jul-2025,07-Aug-2025,PE,25100.00,186.40,211.75,160.00,190.30,195.45,190.30,6839.00,129705.58,961.40,252525.00,81675.00,25060.90
NIFTY,22-Jul-2025,07-Aug-2025,PE,26150.00,975.50,1023.45,975.50,1023.45,1023.45,1073.45,2.00,40.72,1.50,-,-,25060.90
NIFTY,22-Jul-2025,07-Aug-2025,PE,26550.00,-,-,-,1170.40,-,1439.65,-,-,-,-,-,25060.90
NIFTY,22-Jul-2025,07-Aug-2025,PE,25300.00,279.90,321.00,252.20,297.40,310.45,297.40,1422.00,27289.29,306.84,75525.00,18375.00,25060.90
NIFTY,23-Jul-2025,07-Aug-2025,PE,25700.00,570.00,581.50,465.00,468.05,465.00,468.05,121.00,2379.60,47.32,11775.00,2700.00,25219.90
NIFTY,23-Jul-2025,07-Aug-2025,PE,27000.00,-,-,-,1910.40,1910.40,1721.10,-,-,-,75.00,-,25219.90
NIFTY,23-Jul-2025,07-Aug-2025,PE,24500.00,42.10,42.10,23.00,23.95,23.65,23.95,11191.00,205871.13,236.50,402300.00,91875.00,25219.90
NIFTY,23-Jul-2025,07-Aug-2025,PE,23700.00,6.30,6.95,5.30,6.25,6.55,6.25,334.00,5938.36,1.51,36825.00,5925.00,25219.90
NIFTY,23-Jul-2025,07-Aug-2025,PE,23600.00,4.55,5.90,4.50,5.30,5.45,5.30,245.00,4337.47,0.97,15075.00,7950.00,25219.90
NIFTY,23-Jul-2025,07-Aug-2025,PE,24100.00,22.40,22.40,10.25,11.40,12.00,11.40,1534.00,27740.54,13.49,35400.00,35400.00,25219.90
NIFTY,23-Jul-2025,07-Aug-2025,PE,23450.00,3.55,4.75,3.45,4.75,4.75,4.75,22.00,386.99,0.07,3150.00,1500.00,25219.90
NIFTY,23-Jul-2025,07-Aug-2025,PE,26600.00,-,-,-,1460.10,1460.10,1337.80,-,-,-,-,-,25219.90
NIFTY,23-Jul-2025,07-Aug-2025,PE,24650.00,46.05,55.10,33.10,34.25,33.55,34.25,660.00,12221.50,19.75,37275.00,17175.00,25219.90
NIFTY,23-Jul-2025,07-Aug-2025,PE,24250.00,-,-,-,105.55,-,40.95,-,-,-,-,-,25219.90
NIFTY,23-Jul-2025,07-Aug-2025,PE,23850.00,12.30,12.30,6.15,7.25,7.75,7.25,174.00,3113.45,1.03,9825.00,-3900.00,25219.90
NIFTY,23-Jul-2025,07-Aug-2025,PE,23400.00,4.05,5.00,3.60,4.30,4.15,4.30,306.00,5371.29,0.99,23250.00,7950.00,25219.90
NIFTY,23-Jul-2025,07-Aug-2025,PE,25750.00,-,-,-,728.05,728.05,619.95,-,-,-,150.00,-,25219.90
NIFTY,23-Jul-2025,07-Aug-2025,PE,24700.00,56.05,63.70,37.00,38.45,37.10,38.45,6581.00,122149.21,236.19,181875.00,21900.00,25219.90
NIFTY,23-Jul-2025,07-Aug-2025,PE,24150.00,-,-,-,79.70,79.70,31.30,-,-,-,75.00,-,25219.90
NIFTY,23-Jul-2025,07-Aug-2025,PE,25250.00,223.05,250.25,168.50,175.10,168.50,175.10,1781.00,33981.82,254.14,81375.00,66150.00,25219.90
NIFTY,23-Jul-2025,07-Aug-2025,PE,24050.00,-,-,-,60.60,60.60,23.60,-,-,-,75.00,-,25219.90
NIFTY,23-Jul-2025,07-Aug-2025,PE,26500.00,1217.20,1217.65,1217.15,1217.45,1217.60,1217.45,8.00,166.30,7.30,750.00,600.00,25219.90
NIFTY,23-Jul-2025,07-Aug-2025,PE,24750.00,67.00,71.80,43.45,44.55,43.70,44.55,2166.00,40290.28,83.91,52725.00,-2400.00,25219.90
NIFTY,23-Jul-2025,07-Aug-2025,PE,27200.00,-,-,-,1711.95,-,1917.10,-,-,-,-,-,25219.90
NIFTY,23-Jul-2025,07-Aug-2025,PE,23200.00,3.70,4.95,3.00,4.30,4.40,4.30,664.00,11555.62,2.02,37950.00,25800.00,25219.90
NIFTY,23-Jul-2025,07-Aug-2025,PE,27150.00,-,-,-,1667.85,-,1867.90,-,-,-,-,-,25219.90
NIFTY,23-Jul-2025,07-Aug-2025,PE,24300.00,39.70,39.70,14.45,15.70,15.00,15.70,710.00,12948.95,9.20,20850.00,20850.00,25219.90
NIFTY,23-Jul-2025,07-Aug-2025,PE,26750.00,-,-,-,1329.00,-,1479.70,-,-,-,-,-,25219.90
NIFTY,23-Jul-2025,07-Aug-2025,PE,25650.00,-,-,-,586.15,586.15,550.60,-,-,-,2700.00,-,25219.90
NIFTY,23-Jul-2025,07-Aug-2025,PE,25300.00,270.60,282.95,194.85,198.45,195.80,198.45,3824.00,73190.29,629.89,166950.00,91425.00,25219.90
NIFTY,23-Jul-2025,07-Aug-2025,PE,24800.00,81.00,83.65,49.45,50.70,50.20,50.70,7913.00,147555.54,373.74,218400.00,73875.00,25219.90
NIFTY,23-Jul-2025,07-Aug-2025,PE,25550.00,432.00,452.65,345.55,351.35,351.75,351.35,65.00,1264.27,18.71,4350.00,2175.00,25219.90
NIFTY,23-Jul-2025,07-Aug-2025,PE,26050.00,-,-,-,927.85,927.85,850.75,-,-,-,-,-,25219.90
NIFTY,23-Jul-2025,07-Aug-2025,PE,23350.00,3.55,4.35,3.55,4.15,4.15,2.20,58.00,1015.90,0.17,10875.00,1125.00,25219.90
NIFTY,23-Jul-2025,07-Aug-2025,PE,27050.00,-,-,-,1580.75,-,1769.90,-,-,-,-,-,25219.90
NIFTY,23-Jul-2025,07-Aug-2025,PE,25900.00,720.50,720.50,646.25,662.50,662.50,731.45,6.00,119.55,3.00,375.00,300.00,25219.90
NIFTY,23-Jul-2025,07-Aug-2025,PE,25500.00,393.05,418.85,314.10,316.95,314.10,316.95,1917.00,37178.31,515.69,88125.00,44550.00,25219.90
NIFTY,23-Jul-2025,07-Aug-2025,PE,23950.00,-,-,-,65.05,-,17.60,-,-,-,-,-,25219.90
NIFTY,23-Jul-2025,07-Aug-2025,PE,26400.00,-,-,-,1056.75,-,1153.50,-,-,-,-,-,25219.90
NIFTY,23-Jul-2025,07-Aug-2025,PE,25100.00,158.90,179.75,113.55,116.15,113.55,116.15,9232.00,174770.67,978.27,341100.00,88575.00,25219.90
NIFTY,23-Jul-2025,07-Aug-2025,PE,23550.00,5.85,5.85,5.85,5.85,5.85,4.70,1.00,17.67,-,75.00,75.00,25219.90
NIFTY,23-Jul-2025,07-Aug-2025,PE,26150.00,-,-,-,1023.45,1023.45,934.10,-,-,-,-,-,25219.90
NIFTY,23-Jul-2025,07-Aug-2025,PE,25600.00,464.80,497.80,386.45,388.35,398.00,388.35,1177.00,22974.12,375.72,66450.00,45225.00,25219.90
NIFTY,23-Jul-2025,07-Aug-2025,PE,25200.00,210.00,227.75,150.40,153.15,150.65,153.15,9115.00,173503.88,1230.38,337500.00,149925.00,25219.90
NIFTY,23-Jul-2025,07-Aug-2025,PE,24850.00,89.00,94.40,54.60,58.30,54.60,58.30,1961.00,36647.07,98.93,112350.00,34875.00,25219.90
NIFTY,23-Jul-2025,07-Aug-2025,PE,24350.00,24.20,26.00,17.30,17.90,20.00,17.90,1395.00,25497.23,21.04,33375.00,-2700.00,25219.90
NIFTY,23-Jul-2025,07-Aug-2025,PE,23250.00,3.85,4.85,3.00,4.00,4.30,4.00,27.00,470.89,0.07,1725.00,525.00,25219.90
NIFTY,23-Jul-2025,07-Aug-2025,PE,24000.00,13.00,13.00,9.20,9.70,10.00,9.70,5849.00,105326.50,44.50,183300.00,7125.00,25219.90
NIFTY,23-Jul-2025,07-Aug-2025,PE,23500.00,5.65,5.70,3.85,4.85,5.00,4.85,1946.00,34304.99,6.74,154200.00,49050.00,25219.90
NIFTY,23-Jul-2025,07-Aug-2025,PE,24950.00,122.10,122.50,75.20,76.85,75.20,76.85,1315.00,24696.51,89.58,51975.00,22500.00,25219.90
NIFTY,23-Jul-2025,07-Aug-2025,PE,23800.00,10.55,10.55,6.15,6.95,8.00,6.95,801.00,14302.14,4.29,69375.00,14925.00,25219.90
NIFTY,23-Jul-2025,07-Aug-2025,PE,25800.00,668.00,668.00,550.00,555.05,554.55,555.05,62.00,1226.27,26.57,10425.00,1050.00,25219.90
NIFTY,23-Jul-2025,07-Aug-2025,PE,26800.00,-,-,-,1369.90,-,1527.55,-,-,-,-,-,25219.90
NIFTY,23-Jul-2025,07-Aug-2025,PE,25450.00,377.45,377.45,283.60,285.10,283.60,285.10,195.00,3766.39,44.33,11775.00,9525.00,25219.90
NIFTY,23-Jul-2025,07-Aug-2025,PE,25000.00,142.75,142.75,86.00,88.10,87.00,88.10,14134.00,266156.61,1144.11,433125.00,5700.00,25219.90
NIFTY,23-Jul-2025,07-Aug-2025,PE,25850.00,612.05,612.05,612.05,612.05,612.05,694.40,1.00,19.85,0.46,75.00,-,25219.90
NIFTY,23-Jul-2025,07-Aug-2025,PE,26900.00,-,-,-,1453.00,-,1623.95,-,-,-,-,-,25219.90
NIFTY,23-Jul-2025,07-Aug-2025,PE,23650.00,7.00,7.00,4.30,5.75,6.00,5.75,208.00,3690.29,0.89,18225.00,-3000.00,25219.90
NIFTY,23-Jul-2025,07-Aug-2025,PE,25050.00,139.90,160.00,99.90,101.85,100.75,101.85,1478.00,27910.64,142.71,62250.00,14700.00,25219.90
NIFTY,23-Jul-2025,07-Aug-2025,PE,26550.00,-,-,-,1170.40,-,1291.10,-,-,-,-,-,25219.90
NIFTY,23-Jul-2025,07-Aug-2025,PE,26100.00,-,-,-,846.20,-,892.05,-,-,-,-,-,25219.90
NIFTY,23-Jul-2025,07-Aug-2025,PE,24550.00,37.00,43.05,24.50,26.65,26.95,26.65,930.00,17146.31,22.69,39450.00,9075.00,25219.90
NIFTY,23-Jul-2025,07-Aug-2025,PE,23300.00,5.00,5.00,3.10,4.20,4.20,1.85,18.00,314.60,0.05,1200.00,1200.00,25219.90
NIFTY,23-Jul-2025,07-Aug-2025,PE,24200.00,17.10,18.25,12.10,13.15,14.00,13.15,4752.00,86298.75,49.95,185625.00,63525.00,25219.90
NIFTY,23-Jul-2025,07-Aug-2025,PE,26000.00,856.00,856.00,730.20,732.75,734.00,732.75,23.00,462.01,13.51,6675.00,450.00,25219.90
NIFTY,23-Jul-2025,07-Aug-2025,PE,25150.00,193.50,202.20,131.65,134.50,131.65,134.50,2750.00,52204.03,332.16,79650.00,38475.00,25219.90
NIFTY,23-Jul-2025,07-Aug-2025,PE,25400.00,314.10,346.65,251.75,254.15,252.65,254.15,1109.00,21376.40,249.95,43500.00,11925.00,25219.90
NIFTY,23-Jul-2025,07-Aug-2025,PE,26650.00,-,-,-,1248.70,-,1384.80,-,-,-,-,-,25219.90
NIFTY,23-Jul-2025,07-Aug-2025,PE,24600.00,41.00,48.75,29.20,30.00,29.90,30.00,5754.00,106316.14,154.84,231150.00,64050.00,25219.90
NIFTY,23-Jul-2025,07-Aug-2025,PE,26950.00,-,-,-,1495.20,-,1672.45,-,-,-,-,-,25219.90
NIFTY,23-Jul-2025,07-Aug-2025,PE,24450.00,28.50,34.45,20.55,21.75,21.20,21.75,672.00,12335.69,12.89,30525.00,7800.00,25219.90
NIFTY,23-Jul-2025,07-Aug-2025,PE,27250.00,-,-,-,1756.35,-,1966.35,-,-,-,-,-,25219.90
NIFTY,23-Jul-2025,07-Aug-2025,PE,23900.00,9.15,10.00,7.55,8.30,9.00,8.30,858.00,15385.05,5.40,42750.00,3675.00,25219.90
NIFTY,23-Jul-2025,07-Aug-2025,PE,26250.00,-,-,-,948.70,-,1020.10,-,-,-,-,-,25219.90
NIFTY,23-Jul-2025,07-Aug-2025,PE,26200.00,-,-,-,1079.35,1079.35,976.80,-,-,-,-,-,25219.90
NIFTY,23-Jul-2025,07-Aug-2025,PE,26850.00,-,-,-,1411.20,-,1575.65,-,-,-,-,-,25219.90
NIFTY,23-Jul-2025,07-Aug-2025,PE,24900.00,97.95,108.95,64.65,66.75,64.95,66.75,8357.00,156564.98,498.01,276750.00,115725.00,25219.90
NIFTY,23-Jul-2025,07-Aug-2025,PE,25950.00,-,-,-,785.65,785.65,770.40,-,-,-,-,-,25219.90
NIFTY,23-Jul-2025,07-Aug-2025,PE,26350.00,-,-,-,1020.15,-,1108.50,-,-,-,-,-,25219.90
NIFTY,23-Jul-2025,07-Aug-2025,PE,27100.00,-,-,-,1624.15,-,1818.85,-,-,-,-,-,25219.90
NIFTY,23-Jul-2025,07-Aug-2025,PE,23750.00,-,-,-,45.80,-,9.35,-,-,-,-,-,25219.90
NIFTY,23-Jul-2025,07-Aug-2025,PE,26300.00,-,-,-,984.10,-,1064.05,-,-,-,-,-,25219.90
NIFTY,23-Jul-2025,07-Aug-2025,PE,24400.00,26.90,29.85,19.10,19.65,19.10,19.65,4888.00,89533.51,83.11,191100.00,33750.00,25219.90
NIFTY,23-Jul-2025,07-Aug-2025,PE,26700.00,-,-,-,1288.60,-,1432.10,-,-,-,-,-,25219.90
NIFTY,23-Jul-2025,07-Aug-2025,PE,26450.00,-,-,-,1095.15,-,1198.95,-,-,-,-,-,25219.90
NIFTY,23-Jul-2025,07-Aug-2025,PE,25350.00,285.05,309.60,212.55,224.80,212.55,224.80,504.00,9674.91,92.61,25950.00,19125.00,25219.90
NIFTY,24-Jul-2025,07-Aug-2025,PE,24000.00,9.50,14.40,7.60,11.15,10.55,11.15,6797.00,122403.03,57.03,271950.00,88650.00,25062.10
NIFTY,24-Jul-2025,07-Aug-2025,PE,24950.00,74.80,143.05,74.80,112.75,116.00,112.75,2353.00,44223.73,193.21,66975.00,15000.00,25062.10
NIFTY,24-Jul-2025,07-Aug-2025,PE,23350.00,4.10,5.95,3.35,3.95,3.90,3.95,109.00,1909.25,0.39,12150.00,1275.00,25062.10
NIFTY,24-Jul-2025,07-Aug-2025,PE,27150.00,2006.90,2006.90,2006.90,2006.90,2006.90,2006.90,1.00,21.87,1.51,75.00,75.00,25062.10
NIFTY,24-Jul-2025,07-Aug-2025,PE,27250.00,2110.60,2110.60,2110.60,2110.60,2110.60,2110.60,1.00,22.02,1.58,75.00,75.00,25062.10
NIFTY,24-Jul-2025,07-Aug-2025,PE,27050.00,1907.45,1907.45,1907.45,1907.45,1907.45,1907.45,1.00,21.72,1.43,75.00,75.00,25062.10
NIFTY,24-Jul-2025,07-Aug-2025,PE,27200.00,2056.60,2056.60,2056.60,2056.60,2056.60,2056.60,1.00,21.94,1.54,75.00,75.00,25062.10
NIFTY,24-Jul-2025,07-Aug-2025,PE,24600.00,30.90,56.10,26.10,41.20,39.25,41.20,8668.00,160190.73,266.13,272850.00,41700.00,25062.10
NIFTY,24-Jul-2025,07-Aug-2025,PE,26450.00,1311.05,1311.25,1311.05,1311.15,1311.25,1311.15,2.00,41.64,1.97,150.00,150.00,25062.10
NIFTY,24-Jul-2025,07-Aug-2025,PE,26150.00,1020.65,1020.65,1020.65,1020.65,1020.65,1020.65,1.00,20.38,0.77,75.00,75.00,25062.10
NIFTY,24-Jul-2025,07-Aug-2025,PE,25850.00,612.05,612.05,612.05,612.05,612.05,811.05,1.00,19.85,0.46,75.00,-,25062.10
NIFTY,24-Jul-2025,07-Aug-2025,PE,27000.00,1752.00,1752.00,1752.00,1752.00,1752.00,1879.35,1.00,21.56,1.31,75.00,-,25062.10
NIFTY,24-Jul-2025,07-Aug-2025,PE,23200.00,4.75,4.95,3.55,4.00,3.90,4.00,722.00,12565.05,2.25,55125.00,17175.00,25062.10
NIFTY,24-Jul-2025,07-Aug-2025,PE,26350.00,1211.95,1211.95,1211.95,1211.95,1211.95,1211.95,1.00,20.67,0.91,75.00,75.00,25062.10
NIFTY,24-Jul-2025,07-Aug-2025,PE,23900.00,8.30,11.90,6.95,9.05,9.00,9.05,1103.00,19778.84,7.56,63750.00,21000.00,25062.10
NIFTY,24-Jul-2025,07-Aug-2025,PE,24200.00,12.90,21.70,11.15,16.05,16.00,16.05,6562.00,119180.62,80.32,197100.00,11475.00,25062.10
NIFTY,24-Jul-2025,07-Aug-2025,PE,26000.00,746.00,921.35,746.00,879.85,885.00,879.85,61.00,1227.72,38.22,8625.00,1950.00,25062.10
NIFTY,24-Jul-2025,07-Aug-2025,PE,23950.00,-,-,-,65.05,-,23.60,-,-,-,-,-,25062.10
NIFTY,24-Jul-2025,07-Aug-2025,PE,26050.00,917.50,917.50,917.50,917.50,917.50,917.50,1.00,20.23,0.69,75.00,75.00,25062.10
NIFTY,24-Jul-2025,07-Aug-2025,PE,26850.00,1708.65,1708.65,1708.65,1708.65,1708.65,1708.65,1.00,21.42,1.28,75.00,75.00,25062.10
NIFTY,24-Jul-2025,07-Aug-2025,PE,25400.00,250.00,392.65,245.00,348.75,355.65,348.75,2137.00,41224.30,514.45,74250.00,30750.00,25062.10
NIFTY,24-Jul-2025,07-Aug-2025,PE,24700.00,37.05,72.80,34.15,55.10,55.30,55.10,10478.00,194517.97,413.02,270450.00,88575.00,25062.10
NIFTY,24-Jul-2025,07-Aug-2025,PE,24250.00,-,-,-,105.55,-,54.15,-,-,-,-,-,25062.10
NIFTY,24-Jul-2025,07-Aug-2025,PE,26500.00,1260.05,1390.00,1260.05,1371.20,1371.20,1371.20,5.00,104.47,5.10,900.00,150.00,25062.10
NIFTY,24-Jul-2025,07-Aug-2025,PE,25800.00,565.00,701.35,565.00,690.55,696.75,690.55,40.00,792.41,18.41,10725.00,300.00,25062.10
NIFTY,24-Jul-2025,07-Aug-2025,PE,26800.00,1657.80,1657.80,1657.80,1657.80,1657.80,1657.80,1.00,21.34,1.24,75.00,75.00,25062.10
NIFTY,24-Jul-2025,07-Aug-2025,PE,26300.00,1165.40,1165.40,1165.35,1165.40,1165.35,1165.40,2.00,41.20,1.75,150.00,150.00,25062.10
NIFTY,24-Jul-2025,07-Aug-2025,PE,23850.00,5.95,11.90,5.95,8.55,8.50,8.55,93.00,1664.13,0.59,12075.00,2250.00,25062.10
NIFTY,24-Jul-2025,07-Aug-2025,PE,26550.00,1410.30,1410.30,1410.30,1410.30,1410.30,1410.30,1.00,20.97,1.06,75.00,75.00,25062.10
NIFTY,24-Jul-2025,07-Aug-2025,PE,25700.00,514.50,625.00,491.00,594.80,600.00,594.80,170.00,3351.43,74.68,14175.00,2400.00,25062.10
NIFTY,24-Jul-2025,07-Aug-2025,PE,25900.00,662.50,832.80,658.45,828.70,828.70,852.30,5.00,99.95,2.82,375.00,-,25062.10
NIFTY,24-Jul-2025,07-Aug-2025,PE,24500.00,20.00,44.00,20.00,32.45,30.10,32.45,17938.00,330026.27,415.52,448500.00,46200.00,25062.10
NIFTY,24-Jul-2025,07-Aug-2025,PE,24650.00,34.25,64.00,31.85,48.00,49.35,48.00,2000.00,37045.82,70.82,49950.00,12675.00,25062.10
NIFTY,24-Jul-2025,07-Aug-2025,PE,24800.00,46.95,95.55,46.00,73.05,73.40,73.05,14244.00,265682.70,744.30,324975.00,106575.00,25062.10
NIFTY,24-Jul-2025,07-Aug-2025,PE,26100.00,970.15,970.15,968.55,969.50,969.05,969.50,5.00,101.51,3.64,375.00,375.00,25062.10
NIFTY,24-Jul-2025,07-Aug-2025,PE,26200.00,1063.75,1063.75,1063.75,1063.75,1063.75,1063.75,1.00,20.45,0.80,75.00,75.00,25062.10
NIFTY,24-Jul-2025,07-Aug-2025,PE,25750.00,600.00,655.00,600.00,620.00,620.00,731.00,8.00,158.25,3.75,300.00,150.00,25062.10
NIFTY,24-Jul-2025,07-Aug-2025,PE,25950.00,834.05,834.55,834.05,834.55,834.55,894.30,2.00,40.18,1.25,150.00,150.00,25062.10
NIFTY,24-Jul-2025,07-Aug-2025,PE,25200.00,149.00,261.80,138.45,221.65,227.00,221.65,21332.00,406305.55,3130.75,510075.00,172575.00,25062.10
NIFTY,24-Jul-2025,07-Aug-2025,PE,24100.00,12.30,17.25,8.10,13.15,13.25,13.15,3945.00,71345.51,39.63,86325.00,50925.00,25062.10
NIFTY,24-Jul-2025,07-Aug-2025,PE,25550.00,355.00,484.20,355.00,462.85,463.95,462.85,45.00,875.93,13.61,3525.00,-825.00,25062.10
NIFTY,24-Jul-2025,07-Aug-2025,PE,25500.00,311.10,473.00,305.00,427.20,434.00,427.20,2441.00,47391.50,707.37,96900.00,8775.00,25062.10
NIFTY,24-Jul-2025,07-Aug-2025,PE,25600.00,392.95,550.00,392.20,508.95,517.40,508.95,616.00,12049.65,222.45,57075.00,-9375.00,25062.10
NIFTY,24-Jul-2025,07-Aug-2025,PE,24550.00,27.70,48.30,25.00,36.70,38.20,36.70,1436.00,26479.71,39.36,58800.00,19350.00,25062.10
NIFTY,24-Jul-2025,07-Aug-2025,PE,25150.00,133.65,233.00,126.30,196.05,204.85,196.05,5075.00,96394.63,667.45,117225.00,37575.00,25062.10
NIFTY,24-Jul-2025,07-Aug-2025,PE,23550.00,5.65,5.65,5.10,5.10,5.10,5.10,12.00,212.00,0.05,900.00,825.00,25062.10
NIFTY,24-Jul-2025,07-Aug-2025,PE,25450.00,285.00,405.10,285.00,383.00,393.80,383.00,177.00,3423.12,44.63,5550.00,-6225.00,25062.10
NIFTY,24-Jul-2025,07-Aug-2025,PE,25050.00,100.80,183.35,96.15,149.95,150.80,149.95,4160.00,78621.12,465.12,97425.00,35175.00,25062.10
NIFTY,24-Jul-2025,07-Aug-2025,PE,26950.00,1808.00,1808.00,1808.00,1808.00,1808.00,1808.00,1.00,21.57,1.36,75.00,75.00,25062.10
NIFTY,24-Jul-2025,07-Aug-2025,PE,23450.00,5.75,9.00,4.50,4.90,4.90,4.90,82.00,1442.53,0.36,5700.00,2550.00,25062.10
NIFTY,24-Jul-2025,07-Aug-2025,PE,26400.00,1261.30,1261.30,1261.30,1261.30,1261.30,1261.30,1.00,20.75,0.95,75.00,75.00,25062.10
NIFTY,24-Jul-2025,07-Aug-2025,PE,25000.00,80.00,162.00,80.00,130.05,134.00,130.05,27107.00,510742.72,2486.47,606675.00,173550.00,25062.10
NIFTY,24-Jul-2025,07-Aug-2025,PE,24400.00,19.00,34.15,17.40,25.30,24.70,25.30,7258.00,132957.16,135.76,201375.00,10275.00,25062.10
NIFTY,24-Jul-2025,07-Aug-2025,PE,24350.00,17.00,28.05,17.00,22.55,21.15,22.55,371.00,6781.84,6.45,35100.00,1725.00,25062.10
NIFTY,24-Jul-2025,07-Aug-2025,PE,25250.00,175.10,289.20,166.50,248.45,253.80,248.45,5604.00,107070.39,944.64,112050.00,30675.00,25062.10
NIFTY,24-Jul-2025,07-Aug-2025,PE,26700.00,1559.40,1559.40,1559.40,1559.40,1559.40,1559.40,1.00,21.19,1.17,75.00,75.00,25062.10
NIFTY,24-Jul-2025,07-Aug-2025,PE,25350.00,212.05,363.05,212.05,313.10,320.00,313.10,711.00,13666.94,149.05,24975.00,-975.00,25062.10
NIFTY,24-Jul-2025,07-Aug-2025,PE,23750.00,10.25,10.25,5.05,8.00,8.00,12.65,4.00,71.27,0.02,150.00,150.00,25062.10
NIFTY,24-Jul-2025,07-Aug-2025,PE,23800.00,6.95,9.95,6.40,7.75,7.85,7.75,1206.00,21534.15,7.05,82050.00,12675.00,25062.10
NIFTY,24-Jul-2025,07-Aug-2025,PE,24450.00,21.75,37.60,19.80,27.75,28.55,27.75,1692.00,31065.04,37.99,62175.00,31650.00,25062.10
NIFTY,24-Jul-2025,07-Aug-2025,PE,23700.00,5.25,8.15,5.25,6.45,6.65,6.45,656.00,11663.66,3.26,48300.00,11475.00,25062.10
NIFTY,24-Jul-2025,07-Aug-2025,PE,23500.00,5.05,6.50,4.05,4.85,4.65,4.85,3024.00,53309.26,11.26,160500.00,6300.00,25062.10
NIFTY,24-Jul-2025,07-Aug-2025,PE,23250.00,4.80,5.90,3.60,4.25,3.75,4.25,48.00,837.16,0.16,3075.00,1350.00,25062.10
NIFTY,24-Jul-2025,07-Aug-2025,PE,23650.00,5.75,6.90,4.80,6.45,6.45,9.05,64.00,1135.50,0.30,19425.00,1200.00,25062.10
NIFTY,24-Jul-2025,07-Aug-2025,PE,26250.00,1113.70,1113.70,1111.40,1112.55,1111.40,1112.55,2.00,41.04,1.67,150.00,150.00,25062.10
NIFTY,24-Jul-2025,07-Aug-2025,PE,25300.00,200.65,320.95,188.15,281.35,288.30,281.35,5446.00,104361.75,1023.90,182625.00,15675.00,25062.10
NIFTY,24-Jul-2025,07-Aug-2025,PE,26900.00,1758.30,1758.30,1758.30,1758.30,1758.30,1758.30,1.00,21.49,1.32,75.00,75.00,25062.10
NIFTY,24-Jul-2025,07-Aug-2025,PE,26600.00,1459.80,1459.80,1459.80,1459.80,1459.80,1459.80,1.00,21.04,1.09,75.00,75.00,25062.10
NIFTY,24-Jul-2025,07-Aug-2025,PE,23400.00,4.35,6.30,4.15,4.65,4.15,4.65,368.00,6459.78,1.38,28875.00,5625.00,25062.10
NIFTY,24-Jul-2025,07-Aug-2025,PE,26750.00,1609.10,1609.10,1609.10,1609.10,1609.10,1609.10,1.00,21.27,1.21,75.00,75.00,25062.10
NIFTY,24-Jul-2025,07-Aug-2025,PE,24750.00,48.10,83.45,40.00,64.30,64.95,64.30,2850.00,53030.25,127.12,85500.00,32775.00,25062.10
NIFTY,24-Jul-2025,07-Aug-2025,PE,23600.00,4.50,7.10,4.50,5.75,5.40,5.75,757.00,13402.08,3.18,43200.00,28125.00,25062.10
NIFTY,24-Jul-2025,07-Aug-2025,PE,23300.00,4.20,5.30,3.60,3.80,4.00,3.80,93.00,1625.48,0.30,5775.00,4575.00,25062.10
NIFTY,24-Jul-2025,07-Aug-2025,PE,26650.00,1509.40,1509.40,1509.40,1509.40,1509.40,1509.40,1.00,21.12,1.13,75.00,75.00,25062.10
NIFTY,24-Jul-2025,07-Aug-2025,PE,27100.00,1957.15,1957.15,1957.15,1957.15,1957.15,1957.15,1.00,21.79,1.47,75.00,75.00,25062.10
NIFTY,24-Jul-2025,07-Aug-2025,PE,24050.00,15.00,15.95,11.80,11.85,12.05,11.85,109.00,1967.24,1.15,5100.00,5025.00,25062.10
NIFTY,24-Jul-2025,07-Aug-2025,PE,24850.00,60.10,109.55,53.55,85.15,89.95,85.15,3019.00,56455.42,188.81,119925.00,7575.00,25062.10
NIFTY,24-Jul-2025,07-Aug-2025,PE,24300.00,15.65,27.00,14.20,20.20,18.80,20.20,3148.00,57421.10,48.80,60525.00,39675.00,25062.10
NIFTY,24-Jul-2025,07-Aug-2025,PE,25650.00,555.95,559.15,548.25,559.15,559.15,559.15,6.00,117.91,2.49,2475.00,-225.00,25062.10
NIFTY,24-Jul-2025,07-Aug-2025,PE,25100.00,113.00,207.15,108.10,170.55,175.80,170.55,19233.00,364416.79,2355.57,431475.00,90375.00,25062.10
NIFTY,24-Jul-2025,07-Aug-2025,PE,24150.00,24.30,24.30,10.90,15.15,15.35,15.15,169.00,3062.89,1.88,8325.00,8250.00,25062.10
NIFTY,24-Jul-2025,07-Aug-2025,PE,24900.00,65.20,125.75,59.65,98.65,99.00,98.65,12568.00,235579.52,872.12,273975.00,-2775.00,25062.10
NIFTY,25-Jul-2025,07-Aug-2025,PE,26050.00,1169.60,1169.60,1169.20,1169.40,1169.20,1169.40,2.00,40.83,1.75,225.00,150.00,24837.00
NIFTY,25-Jul-2025,07-Aug-2025,PE,26700.00,1741.45,1808.95,1741.45,1808.95,1808.95,1809.25,6.00,128.09,7.94,525.00,450.00,24837.00
NIFTY,25-Jul-2025,07-Aug-2025,PE,26650.00,-,-,-,1509.40,1509.40,1759.95,-,-,-,75.00,-,24837.00
NIFTY,25-Jul-2025,07-Aug-2025,PE,24550.00,45.00,89.20,45.00,75.85,75.30,75.85,18599.00,343468.67,1014.58,124725.00,65925.00,24837.00
NIFTY,25-Jul-2025,07-Aug-2025,PE,24050.00,18.00,24.45,13.45,20.80,21.95,20.80,2452.00,44264.02,36.07,24600.00,19500.00,24837.00
NIFTY,25-Jul-2025,07-Aug-2025,PE,23800.00,10.10,14.15,8.20,12.15,12.50,12.15,10579.00,188920.81,85.66,165825.00,83775.00,24837.00
NIFTY,25-Jul-2025,07-Aug-2025,PE,23950.00,-,-,-,65.05,-,38.30,-,-,-,-,-,24837.00
NIFTY,25-Jul-2025,07-Aug-2025,PE,23250.00,4.25,8.25,3.95,5.50,4.90,5.50,604.00,10534.64,2.39,16725.00,13650.00,24837.00
NIFTY,25-Jul-2025,07-Aug-2025,PE,24200.00,17.10,35.20,17.00,29.10,30.35,29.10,25221.00,458284.09,522.94,363675.00,166575.00,24837.00
NIFTY,25-Jul-2025,07-Aug-2025,PE,23300.00,4.55,7.40,4.05,5.65,4.75,5.65,692.00,12095.47,2.77,13650.00,7875.00,24837.00
NIFTY,25-Jul-2025,07-Aug-2025,PE,25800.00,825.00,944.05,765.00,928.65,930.00,928.65,152.00,3043.48,102.28,12225.00,1500.00,24837.00
NIFTY,25-Jul-2025,07-Aug-2025,PE,25200.00,260.00,410.65,260.00,389.80,392.30,389.80,11130.00,213251.39,2894.39,462900.00,-47175.00,24837.00
NIFTY,25-Jul-2025,07-Aug-2025,PE,26350.00,1472.80,1472.80,1472.80,1472.80,1472.80,1472.80,1.00,20.87,1.10,150.00,75.00,24837.00
NIFTY,25-Jul-2025,07-Aug-2025,PE,24500.00,31.95,78.60,31.95,65.90,65.55,65.90,77657.00,1430552.38,3605.00,1084950.00,636450.00,24837.00
NIFTY,25-Jul-2025,07-Aug-2025,PE,24400.00,30.85,60.00,30.40,49.70,50.30,49.70,30639.00,561767.52,1073.82,314250.00,112875.00,24837.00
NIFTY,25-Jul-2025,07-Aug-2025,PE,23500.00,6.00,8.30,4.85,7.55,7.85,7.55,11676.00,205848.09,58.59,282525.00,122025.00,24837.00
NIFTY,25-Jul-2025,07-Aug-2025,PE,25850.00,971.70,973.30,971.70,972.50,972.10,972.50,7.00,140.82,5.11,450.00,375.00,24837.00
NIFTY,25-Jul-2025,07-Aug-2025,PE,26750.00,-,-,-,1609.10,1609.10,1858.65,-,-,-,75.00,-,24837.00
NIFTY,25-Jul-2025,07-Aug-2025,PE,25600.00,614.95,756.05,582.00,738.55,740.65,738.55,822.00,16194.01,411.61,29775.00,-27300.00,24837.00
NIFTY,25-Jul-2025,07-Aug-2025,PE,25550.00,586.00,690.35,585.40,680.00,680.00,744.20,39.00,766.69,19.35,3675.00,150.00,24837.00
NIFTY,25-Jul-2025,07-Aug-2025,PE,24750.00,88.55,151.45,81.85,132.70,133.10,132.70,19230.00,358680.52,1723.64,116100.00,30600.00,24837.00
NIFTY,25-Jul-2025,07-Aug-2025,PE,26400.00,1513.95,1513.95,1513.95,1513.95,1513.95,1515.30,1.00,20.94,1.14,150.00,75.00,24837.00
NIFTY,25-Jul-2025,07-Aug-2025,PE,24450.00,37.65,70.05,34.70,57.20,58.30,57.20,8555.00,157219.80,342.49,107175.00,45000.00,24837.00
NIFTY,25-Jul-2025,07-Aug-2025,PE,24700.00,55.30,133.20,55.30,115.30,114.25,115.30,52384.00,974404.96,3991.36,391575.00,121125.00,24837.00
NIFTY,25-Jul-2025,07-Aug-2025,PE,25100.00,199.00,339.10,193.35,317.10,317.95,317.10,16893.00,321538.63,3527.91,352800.00,-78675.00,24837.00
NIFTY,25-Jul-2025,07-Aug-2025,PE,24250.00,46.35,46.35,29.30,33.05,32.85,33.05,2875.00,52362.03,72.97,47625.00,47625.00,24837.00
NIFTY,25-Jul-2025,07-Aug-2025,PE,26950.00,-,-,-,1808.00,1808.00,2056.85,-,-,-,75.00,-,24837.00
NIFTY,25-Jul-2025,07-Aug-2025,PE,23650.00,5.65,11.85,5.65,10.00,10.45,10.00,398.00,7062.08,2.56,19200.00,-225.00,24837.00
NIFTY,25-Jul-2025,07-Aug-2025,PE,24100.00,15.05,27.45,14.80,23.05,23.55,23.05,9089.00,164430.29,146.62,167175.00,80850.00,24837.00
NIFTY,25-Jul-2025,07-Aug-2025,PE,23900.00,7.25,17.35,7.25,15.00,15.15,15.00,8163.00,146404.35,82.57,149400.00,85650.00,24837.00
NIFTY,25-Jul-2025,07-Aug-2025,PE,25450.00,533.05,616.40,452.15,596.20,597.70,596.20,306.00,5966.82,126.05,7050.00,1500.00,24837.00
NIFTY,25-Jul-2025,07-Aug-2025,PE,23400.00,4.70,7.20,4.65,6.45,6.00,6.45,1841.00,32317.84,8.29,46950.00,18075.00,24837.00
NIFTY,25-Jul-2025,07-Aug-2025,PE,25350.00,403.35,535.20,373.10,510.00,514.45,510.00,701.00,13579.55,251.79,13200.00,-11775.00,24837.00
NIFTY,25-Jul-2025,07-Aug-2025,PE,23750.00,6.70,12.80,6.70,11.00,9.15,11.00,1479.00,26356.40,11.71,15975.00,15825.00,24837.00
NIFTY,25-Jul-2025,07-Aug-2025,PE,27100.00,-,-,-,1957.15,1957.15,2205.95,-,-,-,75.00,-,24837.00
NIFTY,25-Jul-2025,07-Aug-2025,PE,26500.00,1600.45,1624.45,1600.45,1613.00,1613.80,1613.00,8.00,168.66,9.66,1275.00,375.00,24837.00
NIFTY,25-Jul-2025,07-Aug-2025,PE,25500.00,500.00,663.15,494.90,645.15,648.05,645.15,2330.00,45591.54,1030.29,62025.00,-34875.00,24837.00
NIFTY,25-Jul-2025,07-Aug-2025,PE,26000.00,1029.00,1138.90,1017.00,1122.50,1120.00,1122.50,90.00,1828.59,73.59,9975.00,1350.00,24837.00
NIFTY,25-Jul-2025,07-Aug-2025,PE,24000.00,12.00,21.85,11.20,18.75,19.10,18.75,32940.00,593342.02,422.02,533475.00,261525.00,24837.00
NIFTY,25-Jul-2025,07-Aug-2025,PE,23450.00,5.70,8.70,5.10,7.10,7.90,7.10,297.00,5224.97,1.49,9675.00,3975.00,24837.00
NIFTY,25-Jul-2025,07-Aug-2025,PE,25300.00,349.00,491.05,337.00,469.40,477.95,469.40,4352.00,83961.00,1381.80,170850.00,-11775.00,24837.00
NIFTY,25-Jul-2025,07-Aug-2025,PE,24350.00,29.45,52.45,26.75,43.25,44.00,43.25,7439.00,136078.49,223.75,72825.00,37725.00,24837.00
NIFTY,25-Jul-2025,07-Aug-2025,PE,24800.00,83.00,172.00,83.00,151.90,152.10,151.90,66680.00,1247316.59,7068.59,554625.00,229650.00,24837.00
NIFTY,25-Jul-2025,07-Aug-2025,PE,26100.00,1178.00,1218.55,1177.00,1218.30,1218.30,1228.45,26.00,532.07,23.12,825.00,450.00,24837.00
NIFTY,25-Jul-2025,07-Aug-2025,PE,27150.00,-,-,-,2006.90,2006.90,2255.75,-,-,-,75.00,-,24837.00
NIFTY,25-Jul-2025,07-Aug-2025,PE,23700.00,8.35,12.40,7.00,10.10,9.90,10.10,5108.00,90830.31,35.61,83700.00,35400.00,24837.00
NIFTY,25-Jul-2025,07-Aug-2025,PE,24900.00,120.00,219.60,120.00,197.00,198.00,197.00,71997.00,1354166.44,9622.47,505125.00,231150.00,24837.00
NIFTY,25-Jul-2025,07-Aug-2025,PE,27000.00,2061.00,2107.85,2061.00,2107.45,2107.20,2107.45,10.00,218.24,15.74,825.00,750.00,24837.00
NIFTY,25-Jul-2025,07-Aug-2025,PE,25400.00,437.55,577.60,411.05,556.00,561.40,556.00,2382.00,46299.74,922.64,42675.00,-31575.00,24837.00
NIFTY,25-Jul-2025,07-Aug-2025,PE,25250.00,328.35,448.25,302.85,427.85,432.55,427.85,1783.00,34277.63,512.07,105075.00,-6975.00,24837.00
NIFTY,25-Jul-2025,07-Aug-2025,PE,27250.00,-,-,-,2110.60,2110.60,2355.35,-,-,-,75.00,-,24837.00
NIFTY,25-Jul-2025,07-Aug-2025,PE,25900.00,983.00,1029.00,977.00,1029.00,1029.00,1029.00,53.00,1069.47,39.94,1275.00,900.00,24837.00
NIFTY,25-Jul-2025,07-Aug-2025,PE,24950.00,149.95,245.30,144.50,223.95,227.10,223.95,19831.00,373954.05,2866.46,110625.00,43650.00,24837.00
NIFTY,25-Jul-2025,07-Aug-2025,PE,26150.00,1267.90,1267.90,1267.90,1267.90,1267.90,1267.90,1.00,20.56,0.95,150.00,75.00,24837.00
NIFTY,25-Jul-2025,07-Aug-2025,PE,26900.00,-,-,-,1758.30,1758.30,2007.20,-,-,-,75.00,-,24837.00
NIFTY,25-Jul-2025,07-Aug-2025,PE,24600.00,56.60,102.15,52.65,86.90,86.30,86.90,55629.00,1029696.17,3341.12,465150.00,192300.00,24837.00
NIFTY,25-Jul-2025,07-Aug-2025,PE,25050.00,171.00,305.35,171.00,285.10,286.05,285.10,5994.00,113715.57,1103.29,92025.00,-5400.00,24837.00
NIFTY,25-Jul-2025,07-Aug-2025,PE,26250.00,1373.40,1373.45,1372.50,1373.15,1373.45,1373.15,3.00,62.15,3.09,375.00,225.00,24837.00
NIFTY,25-Jul-2025,07-Aug-2025,PE,26850.00,-,-,-,1708.65,1708.65,1957.60,-,-,-,75.00,-,24837.00
NIFTY,25-Jul-2025,07-Aug-2025,PE,26600.00,1713.55,1713.55,1713.55,1713.55,1713.55,1710.75,1.00,21.24,1.29,150.00,75.00,24837.00
NIFTY,25-Jul-2025,07-Aug-2025,PE,23550.00,6.90,10.95,5.75,8.70,9.10,8.70,210.00,3710.35,1.23,6000.00,5100.00,24837.00
NIFTY,25-Jul-2025,07-Aug-2025,PE,26800.00,-,-,-,1657.80,1657.80,1908.10,-,-,-,75.00,-,24837.00
NIFTY,25-Jul-2025,07-Aug-2025,PE,25750.00,778.95,868.00,778.95,868.00,868.00,911.55,18.00,358.70,11.08,825.00,525.00,24837.00
NIFTY,25-Jul-2025,07-Aug-2025,PE,24650.00,65.95,115.80,60.65,100.15,101.10,100.15,12591.00,233633.05,856.94,121350.00,71400.00,24837.00
NIFTY,25-Jul-2025,07-Aug-2025,PE,23200.00,4.00,6.65,3.65,5.40,4.85,5.40,4698.00,81762.14,16.94,121725.00,66600.00,24837.00
NIFTY,25-Jul-2025,07-Aug-2025,PE,25650.00,780.90,782.30,780.90,781.80,781.90,781.80,8.00,158.59,4.69,1950.00,-525.00,24837.00
NIFTY,25-Jul-2025,07-Aug-2025,PE,24300.00,20.25,45.40,20.25,37.75,37.60,37.75,21500.00,392410.51,573.01,362025.00,301500.00,24837.00
NIFTY,25-Jul-2025,07-Aug-2025,PE,25950.00,1068.05,1068.05,1068.05,1068.05,1068.05,1089.65,1.00,20.26,0.80,225.00,75.00,24837.00
NIFTY,25-Jul-2025,07-Aug-2025,PE,27050.00,-,-,-,1907.45,1907.45,2156.20,-,-,-,75.00,-,24837.00
NIFTY,25-Jul-2025,07-Aug-2025,PE,25150.00,261.50,373.75,241.25,352.35,358.25,352.35,2522.00,48150.91,579.69,96375.00,-20850.00,24837.00
NIFTY,25-Jul-2025,07-Aug-2025,PE,23850.00,8.10,15.70,8.10,13.65,14.90,13.65,3060.00,54764.48,28.73,31125.00,19050.00,24837.00
NIFTY,25-Jul-2025,07-Aug-2025,PE,24850.00,93.65,200.25,93.65,173.55,173.65,173.55,30392.00,570153.22,3722.32,224175.00,104250.00,24837.00
NIFTY,25-Jul-2025,07-Aug-2025,PE,23350.00,4.90,8.35,4.50,5.95,5.20,5.95,622.00,10895.38,2.60,16575.00,4425.00,24837.00
NIFTY,25-Jul-2025,07-Aug-2025,PE,26450.00,1557.50,1557.50,1557.50,1557.50,1557.50,1557.50,1.00,21.01,1.17,225.00,75.00,24837.00
NIFTY,25-Jul-2025,07-Aug-2025,PE,26300.00,1423.00,1423.00,1423.00,1423.00,1423.00,1423.00,1.00,20.79,1.07,225.00,75.00,24837.00
NIFTY,25-Jul-2025,07-Aug-2025,PE,26550.00,1661.25,1661.25,1661.25,1661.25,1661.25,1661.65,1.00,21.16,1.25,150.00,75.00,24837.00
NIFTY,25-Jul-2025,07-Aug-2025,PE,25000.00,141.00,275.55,141.00,252.25,253.25,252.25,69870.00,1321597.75,11535.25,706500.00,99825.00,24837.00
NIFTY,25-Jul-2025,07-Aug-2025,PE,27200.00,-,-,-,2056.60,2056.60,2305.50,-,-,-,75.00,-,24837.00
NIFTY,25-Jul-2025,07-Aug-2025,PE,24150.00,15.50,31.35,15.40,26.15,26.45,26.15,5650.00,102443.80,108.18,153150.00,144825.00,24837.00
NIFTY,25-Jul-2025,07-Aug-2025,PE,23600.00,7.15,9.65,6.10,8.75,8.30,8.75,3178.00,56269.95,19.35,72150.00,28950.00,24837.00
NIFTY,25-Jul-2025,07-Aug-2025,PE,26200.00,1280.00,1314.75,1280.00,1314.65,1314.50,1314.65,3.00,61.88,2.93,300.00,225.00,24837.00
NIFTY,25-Jul-2025,07-Aug-2025,PE,25700.00,710.95,848.05,687.90,830.00,827.00,830.00,141.00,2800.30,82.53,15900.00,1725.00,24837.00
NIFTY,28-Jul-2025,07-Aug-2025,PE,26400.00,1649.00,1649.00,1649.00,1649.00,1649.00,1677.60,1.00,21.04,1.24,225.00,75.00,24680.90
NIFTY,28-Jul-2025,07-Aug-2025,PE,24700.00,128.05,190.00,89.05,165.55,164.00,165.55,95238.00,1774536.18,10252.23,692550.00,300975.00,24680.90
NIFTY,28-Jul-2025,07-Aug-2025,PE,26050.00,1297.45,1300.30,1297.45,1298.90,1300.30,1298.90,2.00,41.02,1.95,375.00,150.00,24680.90
NIFTY,28-Jul-2025,07-Aug-2025,PE,24750.00,144.15,215.75,103.80,189.15,187.30,189.15,35108.00,655861.22,4168.97,267375.00,151275.00,24680.90
NIFTY,28-Jul-2025,07-Aug-2025,PE,26100.00,1339.05,1342.00,1339.05,1342.00,1342.00,1382.10,4.00,82.32,4.02,825.00,-,24680.90
NIFTY,28-Jul-2025,07-Aug-2025,PE,26700.00,1916.10,1948.20,1916.10,1947.90,1948.20,1947.90,6.00,128.87,8.72,975.00,450.00,24680.90
NIFTY,28-Jul-2025,07-Aug-2025,PE,23850.00,16.50,20.35,9.60,16.35,16.45,16.35,3309.00,59226.61,36.87,36000.00,4875.00,24680.90
NIFTY,28-Jul-2025,07-Aug-2025,PE,26850.00,2095.90,2096.75,2095.90,2096.20,2095.95,2096.20,3.00,65.13,4.72,300.00,225.00,24680.90
NIFTY,28-Jul-2025,07-Aug-2025,PE,26150.00,1399.00,1399.00,1399.00,1399.00,1399.00,1399.00,1.00,20.66,1.05,225.00,75.00,24680.90
NIFTY,28-Jul-2025,07-Aug-2025,PE,24050.00,20.80,33.45,14.90,27.75,25.25,27.75,6199.00,111930.43,115.97,125100.00,100500.00,24680.90
NIFTY,28-Jul-2025,07-Aug-2025,PE,26250.00,1493.75,1493.75,1493.75,1493.75,1493.75,1529.30,1.00,20.81,1.12,450.00,75.00,24680.90
NIFTY,28-Jul-2025,07-Aug-2025,PE,26350.00,1599.25,1599.25,1599.25,1599.25,1599.25,1628.10,1.00,20.96,1.20,225.00,75.00,24680.90
NIFTY,28-Jul-2025,07-Aug-2025,PE,27100.00,-,-,-,1957.15,1957.15,2374.80,-,-,-,75.00,-,24680.90
NIFTY,28-Jul-2025,07-Aug-2025,PE,24450.00,62.70,98.15,42.90,82.15,81.20,82.15,31460.00,578540.52,1642.77,162675.00,55500.00,24680.90
NIFTY,28-Jul-2025,07-Aug-2025,PE,23650.00,8.95,13.25,6.85,10.70,10.65,10.70,2450.00,43476.12,19.24,45750.00,26550.00,24680.90
NIFTY,28-Jul-2025,07-Aug-2025,PE,27050.00,-,-,-,1907.45,1907.45,2324.90,-,-,-,75.00,-,24680.90
NIFTY,28-Jul-2025,07-Aug-2025,PE,25500.00,699.50,805.00,580.05,771.05,777.30,771.05,1141.00,22390.88,569.25,71475.00,9450.00,24680.90
NIFTY,28-Jul-2025,07-Aug-2025,PE,24650.00,123.15,167.65,77.30,144.45,143.50,144.45,22880.00,425204.72,2210.72,176475.00,55125.00,24680.90
NIFTY,28-Jul-2025,07-Aug-2025,PE,24250.00,40.00,56.70,24.45,46.25,43.60,46.25,9749.00,177610.20,300.26,93225.00,45600.00,24680.90
NIFTY,28-Jul-2025,07-Aug-2025,PE,26600.00,1846.80,1847.60,1846.80,1847.05,1846.95,1847.05,4.00,85.34,5.54,450.00,300.00,24680.90
NIFTY,28-Jul-2025,07-Aug-2025,PE,23350.00,5.25,7.35,4.65,6.15,5.20,6.15,705.00,12349.46,3.15,27375.00,10800.00,24680.90
NIFTY,28-Jul-2025,07-Aug-2025,PE,24300.00,49.70,64.95,27.95,53.00,52.55,53.00,36500.00,666484.00,1271.50,525900.00,163875.00,24680.90
NIFTY,28-Jul-2025,07-Aug-2025,PE,25800.00,970.00,1092.00,870.00,1072.00,1072.00,1093.50,62.00,1244.07,44.37,13275.00,1050.00,24680.90
NIFTY,28-Jul-2025,07-Aug-2025,PE,24500.00,74.00,113.40,49.65,95.40,93.10,95.40,101313.00,1867798.77,6172.39,1227375.00,142425.00,24680.90
NIFTY,28-Jul-2025,07-Aug-2025,PE,24850.00,195.95,272.55,137.20,243.65,245.50,243.65,22638.00,425158.69,3242.97,195000.00,-29175.00,24680.90
NIFTY,28-Jul-2025,07-Aug-2025,PE,26200.00,1459.15,1459.15,1459.15,1459.15,1459.15,1459.15,1.00,20.74,1.09,375.00,75.00,24680.90
NIFTY,28-Jul-2025,07-Aug-2025,PE,26750.00,1997.65,1998.30,1997.65,1998.10,1998.30,1998.10,4.00,86.24,5.99,375.00,300.00,24680.90
NIFTY,28-Jul-2025,07-Aug-2025,PE,25350.00,579.95,643.00,453.65,634.85,633.85,634.85,103.00,2000.33,42.04,12375.00,-825.00,24680.90
NIFTY,28-Jul-2025,07-Aug-2025,PE,26650.00,1896.60,1897.40,1896.60,1896.90,1896.65,1896.90,3.00,64.23,4.27,300.00,225.00,24680.90
NIFTY,28-Jul-2025,07-Aug-2025,PE,24000.00,19.90,29.65,13.45,23.95,22.50,23.95,47057.00,847791.81,765.81,702600.00,169125.00,24680.90
NIFTY,28-Jul-2025,07-Aug-2025,PE,23900.00,16.25,23.00,10.80,18.70,18.45,18.70,14685.00,263406.30,177.67,210600.00,61200.00,24680.90
NIFTY,28-Jul-2025,07-Aug-2025,PE,25650.00,838.00,838.00,725.00,810.00,810.00,954.10,5.00,99.15,2.96,2025.00,75.00,24680.90
NIFTY,28-Jul-2025,07-Aug-2025,PE,24950.00,244.95,338.20,181.00,309.05,307.00,309.05,5751.00,108690.72,1075.13,69675.00,-40950.00,24680.90
NIFTY,28-Jul-2025,07-Aug-2025,PE,25150.00,403.90,491.90,298.45,462.15,464.00,462.15,1392.00,26679.51,422.91,94350.00,-2025.00,24680.90
NIFTY,28-Jul-2025,07-Aug-2025,PE,24550.00,75.30,128.00,57.50,109.30,109.30,109.30,17465.00,322792.11,1217.80,132450.00,7725.00,24680.90
NIFTY,28-Jul-2025,07-Aug-2025,PE,25700.00,892.00,992.00,766.00,967.05,967.05,1000.10,30.00,599.07,20.82,16425.00,525.00,24680.90
NIFTY,28-Jul-2025,07-Aug-2025,PE,24100.00,27.10,38.00,16.70,30.70,29.15,30.70,19897.00,360047.79,409.52,331275.00,164100.00,24680.90
NIFTY,28-Jul-2025,07-Aug-2025,PE,25900.00,1060.00,1171.30,1060.00,1160.00,1160.00,1160.00,16.00,324.19,13.39,1350.00,75.00,24680.90
NIFTY,28-Jul-2025,07-Aug-2025,PE,23100.00,3.80,8.80,3.00,4.65,4.15,4.65,6075.00,105269.87,20.50,85350.00,85350.00,24680.90
NIFTY,28-Jul-2025,07-Aug-2025,PE,23150.00,6.10,8.00,4.10,5.10,4.80,5.10,145.00,2518.12,0.56,2325.00,2325.00,24680.90
NIFTY,28-Jul-2025,07-Aug-2025,PE,25550.00,845.00,845.00,845.00,845.00,845.00,863.85,1.00,19.80,0.63,3675.00,-,24680.90
NIFTY,28-Jul-2025,07-Aug-2025,PE,25600.00,802.00,886.00,675.00,868.00,876.50,868.00,82.00,1623.39,48.99,29325.00,-450.00,24680.90
NIFTY,28-Jul-2025,07-Aug-2025,PE,23450.00,10.00,10.10,4.30,7.55,6.15,7.55,509.00,8954.67,2.63,17100.00,7425.00,24680.90
NIFTY,28-Jul-2025,07-Aug-2025,PE,27250.00,2497.05,2497.05,2497.05,2497.05,2497.05,2497.05,1.00,22.31,1.87,150.00,75.00,24680.90
NIFTY,28-Jul-2025,07-Aug-2025,PE,24350.00,55.65,74.20,32.10,61.30,59.10,61.30,16275.00,297916.78,694.59,298650.00,225825.00,24680.90
NIFTY,28-Jul-2025,07-Aug-2025,PE,23300.00,5.95,6.70,4.05,5.70,5.15,5.70,3848.00,67258.92,15.12,54375.00,40725.00,24680.90
NIFTY,28-Jul-2025,07-Aug-2025,PE,23250.00,5.55,6.35,4.00,5.35,5.45,5.35,588.00,10255.46,2.21,18450.00,1725.00,24680.90
NIFTY,28-Jul-2025,07-Aug-2025,PE,27000.00,2160.00,2244.85,2160.00,2244.50,2244.85,2244.50,10.00,219.21,16.71,1575.00,750.00,24680.90
NIFTY,28-Jul-2025,07-Aug-2025,PE,26300.00,1549.10,1549.10,1549.10,1549.10,1549.10,1578.65,1.00,20.89,1.16,300.00,75.00,24680.90
NIFTY,28-Jul-2025,07-Aug-2025,PE,23950.00,13.00,25.85,12.00,21.15,19.70,21.15,2014.00,36206.62,30.15,15000.00,15000.00,24680.90
NIFTY,28-Jul-2025,07-Aug-2025,PE,25200.00,435.55,538.85,331.50,503.10,504.55,503.10,7975.00,153376.06,2648.56,365250.00,-97650.00,24680.90
NIFTY,28-Jul-2025,07-Aug-2025,PE,25250.00,482.05,575.50,376.40,545.65,545.45,545.65,473.00,9126.76,169.32,99675.00,-5400.00,24680.90
NIFTY,28-Jul-2025,07-Aug-2025,PE,23800.00,12.25,18.35,8.85,14.45,14.45,14.45,22359.00,399326.08,217.93,294825.00,129000.00,24680.90
NIFTY,28-Jul-2025,07-Aug-2025,PE,27150.00,2398.75,2399.00,2398.75,2398.90,2399.00,2398.90,2.00,44.32,3.60,225.00,150.00,24680.90
NIFTY,28-Jul-2025,07-Aug-2025,PE,26450.00,1696.75,1697.75,1696.75,1697.35,1697.45,1697.35,4.00,84.44,5.09,525.00,300.00,24680.90
NIFTY,28-Jul-2025,07-Aug-2025,PE,25050.00,320.95,410.00,235.25,381.50,382.45,381.50,2510.00,47757.84,601.21,74850.00,-17175.00,24680.90
NIFTY,28-Jul-2025,07-Aug-2025,PE,23550.00,9.55,10.55,5.95,8.70,8.05,8.70,709.00,12526.86,4.15,8175.00,2175.00,24680.90
NIFTY,28-Jul-2025,07-Aug-2025,PE,26000.00,1197.00,1291.10,1059.05,1257.65,1261.75,1257.65,152.00,3098.29,134.29,18525.00,8550.00,24680.90
NIFTY,28-Jul-2025,07-Aug-2025,PE,24400.00,56.60,85.65,36.95,71.30,69.45,71.30,46212.00,847909.83,2230.23,476100.00,161850.00,24680.90
NIFTY,28-Jul-2025,07-Aug-2025,PE,23600.00,8.75,11.85,6.20,9.60,8.80,9.60,11277.00,199674.23,71.33,141825.00,69675.00,24680.90
NIFTY,28-Jul-2025,07-Aug-2025,PE,23200.00,4.85,6.00,3.70,5.05,4.55,5.05,8970.00,156109.71,31.71,143250.00,21525.00,24680.90
NIFTY,28-Jul-2025,07-Aug-2025,PE,26950.00,2198.05,2198.45,2198.05,2198.30,2198.45,2198.30,3.00,65.58,4.95,300.00,225.00,24680.90
NIFTY,28-Jul-2025,07-Aug-2025,PE,24900.00,225.00,304.25,158.00,275.60,276.80,275.60,46938.00,884385.83,7818.68,467100.00,-38025.00,24680.90
NIFTY,28-Jul-2025,07-Aug-2025,PE,26900.00,2148.25,2148.50,2148.25,2148.40,2148.45,2148.40,3.00,65.36,4.83,300.00,225.00,24680.90
NIFTY,28-Jul-2025,07-Aug-2025,PE,26500.00,1555.00,1758.45,1555.00,1758.45,1758.45,1776.85,4.00,84.53,5.03,1275.00,-,24680.90
NIFTY,28-Jul-2025,07-Aug-2025,PE,25450.00,600.00,732.50,548.00,724.35,724.25,724.35,39.00,763.57,19.16,7950.00,900.00,24680.90
NIFTY,28-Jul-2025,07-Aug-2025,PE,24200.00,32.00,49.45,21.35,40.10,36.85,40.10,34615.00,629181.76,919.51,473400.00,109725.00,24680.90
NIFTY,28-Jul-2025,07-Aug-2025,PE,25950.00,1204.10,1204.10,1204.10,1204.10,1204.10,1236.55,1.00,20.37,0.90,300.00,75.00,24680.90
NIFTY,28-Jul-2025,07-Aug-2025,PE,23700.00,11.20,14.60,7.30,11.70,11.00,11.70,13097.00,232901.97,102.80,189900.00,106200.00,24680.90
NIFTY,28-Jul-2025,07-Aug-2025,PE,24800.00,169.50,243.00,119.50,214.95,215.10,214.95,106497.00,1994871.02,14026.82,791850.00,237225.00,24680.90
NIFTY,28-Jul-2025,07-Aug-2025,PE,23400.00,6.65,7.85,4.70,6.70,6.50,6.70,6293.00,110471.25,29.10,111075.00,64125.00,24680.90
NIFTY,28-Jul-2025,07-Aug-2025,PE,24150.00,33.45,43.80,19.05,35.30,34.40,35.30,10166.00,184375.18,243.51,117675.00,-35475.00,24680.90
NIFTY,28-Jul-2025,07-Aug-2025,PE,25750.00,996.35,1022.15,996.35,1022.15,1022.15,1022.15,4.00,80.26,3.01,1050.00,225.00,24680.90
NIFTY,28-Jul-2025,07-Aug-2025,PE,25850.00,1106.80,1106.80,1106.80,1106.80,1106.80,1140.85,1.00,20.22,0.83,525.00,75.00,24680.90
NIFTY,28-Jul-2025,07-Aug-2025,PE,25100.00,360.00,453.60,264.70,421.35,425.00,421.35,7147.00,136468.21,1925.93,318450.00,-34350.00,24680.90
NIFTY,28-Jul-2025,07-Aug-2025,PE,25400.00,629.05,713.00,496.70,680.45,683.00,680.45,421.00,8210.26,190.22,43725.00,1050.00,24680.90
NIFTY,28-Jul-2025,07-Aug-2025,PE,25000.00,290.00,375.00,206.00,344.35,345.00,344.35,36232.00,687163.17,7813.17,733575.00,27075.00,24680.90
NIFTY,28-Jul-2025,07-Aug-2025,PE,26800.00,2047.90,2047.90,2047.20,2047.55,2047.85,2047.55,5.00,108.18,7.68,450.00,375.00,24680.90
NIFTY,28-Jul-2025,07-Aug-2025,PE,25300.00,526.95,624.35,411.40,591.15,591.25,591.15,2200.00,42599.07,854.07,141825.00,-29025.00,24680.90
NIFTY,28-Jul-2025,07-Aug-2025,PE,24600.00,119.80,146.85,66.30,125.40,124.35,125.40,58880.00,1091162.01,4826.01,583425.00,118275.00,24680.90
NIFTY,28-Jul-2025,07-Aug-2025,PE,23500.00,7.90,9.65,5.35,7.80,7.10,7.80,18230.00,321402.75,99.00,544275.00,261750.00,24680.90
NIFTY,28-Jul-2025,07-Aug-2025,PE,26550.00,1797.70,1797.70,1797.70,1797.70,1797.70,1797.70,1.00,21.26,1.35,225.00,75.00,24680.90
NIFTY,28-Jul-2025,07-Aug-2025,PE,23750.00,12.15,16.30,8.05,13.00,12.80,13.00,2083.00,37123.33,19.89,47400.00,31425.00,24680.90
NIFTY,28-Jul-2025,07-Aug-2025,PE,27200.00,2448.60,2448.85,2448.60,2448.75,2448.85,2448.75,2.00,44.47,3.67,225.00,150.00,24680.90
NIFTY,29-Jul-2025,07-Aug-2025,PE,24550.00,128.85,135.30,56.30,60.05,56.85,60.05,23889.00,441546.26,1690.05,205875.00,73425.00,24821.10
NIFTY,29-Jul-2025,07-Aug-2025,PE,23900.00,20.05,22.60,10.10,10.80,10.20,10.80,17564.00,315038.46,203.76,330300.00,119700.00,24821.10
NIFTY,29-Jul-2025,07-Aug-2025,PE,22950.00,3.10,4.15,2.55,2.80,2.80,2.80,3611.00,62162.69,8.36,171075.00,171075.00,24821.10
NIFTY,29-Jul-2025,07-Aug-2025,PE,27000.00,2250.00,2250.00,2110.95,2110.95,2110.95,2110.95,9.00,197.06,14.81,2250.00,675.00,24821.10
NIFTY,29-Jul-2025,07-Aug-2025,PE,24200.00,45.35,50.00,20.85,22.10,20.85,22.10,41589.00,755856.92,1016.57,624450.00,151050.00,24821.10
NIFTY,29-Jul-2025,07-Aug-2025,PE,26400.00,-,-,-,1649.00,1649.00,1542.00,-,-,-,225.00,-,24821.10
NIFTY,29-Jul-2025,07-Aug-2025,PE,23750.00,13.15,15.85,7.65,8.15,7.65,8.15,4832.00,86110.00,40.00,94275.00,46875.00,24821.10
NIFTY,29-Jul-2025,07-Aug-2025,PE,27150.00,-,-,-,2398.90,2399.00,2288.90,-,-,-,225.00,-,24821.10
NIFTY,29-Jul-2025,07-Aug-2025,PE,26650.00,-,-,-,1896.90,1896.65,1790.25,-,-,-,300.00,-,24821.10
NIFTY,29-Jul-2025,07-Aug-2025,PE,26200.00,-,-,-,1459.15,1459.15,1345.05,-,-,-,375.00,-,24821.10
NIFTY,29-Jul-2025,07-Aug-2025,PE,23000.00,3.55,5.10,2.60,2.90,2.70,2.90,10835.00,186932.97,29.22,376050.00,376050.00,24821.10
NIFTY,29-Jul-2025,07-Aug-2025,PE,24800.00,226.75,258.15,126.00,134.40,129.05,134.40,79674.00,1492455.96,10519.56,1114650.00,322800.00,24821.10
NIFTY,29-Jul-2025,07-Aug-2025,PE,24000.00,26.00,29.60,12.90,13.75,12.90,13.75,55755.00,1004424.26,834.26,1054125.00,351525.00,24821.10
NIFTY,29-Jul-2025,07-Aug-2025,PE,23800.00,17.65,17.75,8.05,8.55,8.45,8.55,19073.00,340620.73,167.68,500625.00,205800.00,24821.10
NIFTY,29-Jul-2025,07-Aug-2025,PE,24100.00,33.65,37.80,15.95,17.00,15.95,17.00,26829.00,485435.54,501.37,452025.00,120750.00,24821.10
NIFTY,29-Jul-2025,07-Aug-2025,PE,23150.00,4.95,7.70,3.10,3.45,3.10,3.45,688.00,11947.76,2.36,4725.00,2400.00,24821.10
NIFTY,29-Jul-2025,07-Aug-2025,PE,27050.00,-,-,-,1907.45,1907.45,2189.10,-,-,-,75.00,-,24821.10
NIFTY,29-Jul-2025,07-Aug-2025,PE,24600.00,129.70,155.20,66.70,72.45,67.50,72.45,92154.00,1707822.56,7581.26,1138425.00,555000.00,24821.10
NIFTY,29-Jul-2025,07-Aug-2025,PE,26150.00,-,-,-,1399.00,1399.00,1296.20,-,-,-,225.00,-,24821.10
NIFTY,29-Jul-2025,07-Aug-2025,PE,25800.00,1059.00,1129.20,923.00,934.90,923.35,934.90,163.00,3276.67,122.62,15075.00,1800.00,24821.10
NIFTY,29-Jul-2025,07-Aug-2025,PE,26700.00,-,-,-,1947.90,1948.20,1840.05,-,-,-,975.00,-,24821.10
NIFTY,29-Jul-2025,07-Aug-2025,PE,25550.00,868.00,877.90,704.00,705.20,704.00,705.20,14.00,276.19,7.91,3750.00,75.00,24821.10
NIFTY,29-Jul-2025,07-Aug-2025,PE,24350.00,59.80,77.00,29.15,32.20,30.15,32.20,28619.00,523789.44,1134.95,227925.00,-70725.00,24821.10
NIFTY,29-Jul-2025,07-Aug-2025,PE,24950.00,332.05,360.25,198.35,207.85,199.80,207.85,3691.00,69799.10,731.26,94425.00,24750.00,24821.10
NIFTY,29-Jul-2025,07-Aug-2025,PE,24750.00,193.20,228.60,107.90,115.30,109.00,115.30,26907.00,502670.12,3208.93,332775.00,65400.00,24821.10
NIFTY,29-Jul-2025,07-Aug-2025,PE,23950.00,23.55,25.50,11.30,12.25,11.80,12.25,5813.00,104482.54,66.53,155100.00,140100.00,24821.10
NIFTY,29-Jul-2025,07-Aug-2025,PE,26900.00,-,-,-,2148.40,2148.45,2039.40,-,-,-,300.00,-,24821.10
NIFTY,29-Jul-2025,07-Aug-2025,PE,26950.00,-,-,-,2198.30,2198.45,2089.30,-,-,-,300.00,-,24821.10
NIFTY,29-Jul-2025,07-Aug-2025,PE,25600.00,892.00,917.00,733.00,749.75,735.00,749.75,217.00,4299.65,133.25,32775.00,3450.00,24821.10
NIFTY,29-Jul-2025,07-Aug-2025,PE,26550.00,-,-,-,1797.70,1797.70,1690.80,-,-,-,225.00,-,24821.10
NIFTY,29-Jul-2025,07-Aug-2025,PE,25400.00,720.95,745.95,544.00,556.05,551.90,556.05,653.00,12751.92,312.27,47775.00,4050.00,24821.10
NIFTY,29-Jul-2025,07-Aug-2025,PE,26800.00,-,-,-,2047.55,2047.85,1939.70,-,-,-,450.00,-,24821.10
NIFTY,29-Jul-2025,07-Aug-2025,PE,26350.00,-,-,-,1599.25,1599.25,1492.60,-,-,-,225.00,-,24821.10
NIFTY,29-Jul-2025,07-Aug-2025,PE,24500.00,113.75,118.50,48.00,51.65,49.70,51.65,100392.00,1850705.35,6002.35,1620525.00,393150.00,24821.10
NIFTY,29-Jul-2025,07-Aug-2025,PE,25100.00,436.70,479.30,295.75,308.35,299.00,308.35,7859.00,150048.87,2103.19,391350.00,72900.00,24821.10
NIFTY,29-Jul-2025,07-Aug-2025,PE,25650.00,-,-,-,810.00,810.00,825.50,-,-,-,2025.00,-,24821.10
NIFTY,29-Jul-2025,07-Aug-2025,PE,24700.00,167.00,201.95,91.75,98.10,93.20,98.10,115792.00,2157656.05,12609.25,1057725.00,365175.00,24821.10
NIFTY,29-Jul-2025,07-Aug-2025,PE,25900.00,1140.00,1196.20,1062.00,1062.00,1062.00,1055.65,20.00,405.72,17.22,1575.00,225.00,24821.10
NIFTY,29-Jul-2025,07-Aug-2025,PE,25250.00,577.85,596.45,415.10,420.60,415.10,420.60,809.00,15638.53,318.09,96900.00,-2775.00,24821.10
NIFTY,29-Jul-2025,07-Aug-2025,PE,23500.00,5.00,9.30,4.90,5.25,5.00,5.25,19576.00,345126.75,99.75,681075.00,136800.00,24821.10
NIFTY,29-Jul-2025,07-Aug-2025,PE,25350.00,650.75,668.05,501.00,506.85,502.80,506.85,70.00,1360.60,29.73,12375.00,-,24821.10
NIFTY,29-Jul-2025,07-Aug-2025,PE,23550.00,8.80,10.25,5.30,5.60,5.30,5.60,1939.00,34259.26,11.67,34575.00,26400.00,24821.10
NIFTY,29-Jul-2025,07-Aug-2025,PE,26050.00,-,-,-,1298.90,1300.30,1199.10,-,-,-,375.00,-,24821.10
NIFTY,29-Jul-2025,07-Aug-2025,PE,24300.00,55.15,66.20,27.00,28.35,27.85,28.35,49817.00,909500.40,1585.57,613125.00,87225.00,24821.10
NIFTY,29-Jul-2025,07-Aug-2025,PE,25300.00,621.00,654.00,455.00,463.00,460.20,463.00,2146.00,41607.63,887.28,129225.00,-12600.00,24821.10
NIFTY,29-Jul-2025,07-Aug-2025,PE,27200.00,-,-,-,2448.75,2448.85,2338.80,-,-,-,225.00,-,24821.10
NIFTY,29-Jul-2025,07-Aug-2025,PE,23250.00,6.00,6.10,3.40,3.65,3.40,3.65,1408.00,24557.25,5.25,26475.00,8025.00,24821.10
NIFTY,29-Jul-2025,07-Aug-2025,PE,26600.00,1860.10,1860.10,1760.00,1760.00,1760.00,1740.50,2.00,42.62,2.72,525.00,75.00,24821.10
NIFTY,29-Jul-2025,07-Aug-2025,PE,23650.00,11.90,13.00,6.20,6.55,6.35,6.55,2698.00,47874.19,18.41,49125.00,3375.00,24821.10
NIFTY,29-Jul-2025,07-Aug-2025,PE,23400.00,6.75,7.80,4.25,4.60,4.25,4.60,5439.00,95478.28,23.83,162225.00,51150.00,24821.10
NIFTY,29-Jul-2025,07-Aug-2025,PE,24450.00,81.20,113.55,41.30,43.85,41.55,43.85,24951.00,458755.26,1216.30,249525.00,86850.00,24821.10
NIFTY,29-Jul-2025,07-Aug-2025,PE,23300.00,5.95,6.55,3.70,4.00,3.80,4.00,3878.00,67783.12,15.07,84825.00,30450.00,24821.10
NIFTY,29-Jul-2025,07-Aug-2025,PE,25850.00,-,-,-,1106.80,1106.80,1008.60,-,-,-,525.00,-,24821.10
NIFTY,29-Jul-2025,07-Aug-2025,PE,26500.00,1720.00,1741.80,1616.05,1616.05,1616.05,1616.05,5.00,105.73,6.35,1650.00,375.00,24821.10
NIFTY,29-Jul-2025,07-Aug-2025,PE,24400.00,80.00,88.75,35.40,37.90,36.65,37.90,61344.00,1125286.14,2690.94,585750.00,109650.00,24821.10
NIFTY,29-Jul-2025,07-Aug-2025,PE,23350.00,6.15,7.05,3.90,4.15,4.00,4.15,588.00,10299.62,2.27,41550.00,14175.00,24821.10
NIFTY,29-Jul-2025,07-Aug-2025,PE,24150.00,37.00,43.35,18.20,19.15,18.80,19.15,9763.00,177051.19,218.85,113100.00,-4575.00,24821.10
NIFTY,29-Jul-2025,07-Aug-2025,PE,23700.00,12.05,14.25,6.85,7.25,7.00,7.25,17433.00,309998.64,127.07,430500.00,240600.00,24821.10
NIFTY,29-Jul-2025,07-Aug-2025,PE,25450.00,747.00,765.90,587.20,590.40,592.00,590.40,98.00,1916.02,45.44,9150.00,1200.00,24821.10
NIFTY,29-Jul-2025,07-Aug-2025,PE,23600.00,8.65,11.60,5.75,6.05,5.90,6.05,13868.00,245551.86,88.26,179175.00,37350.00,24821.10
NIFTY,29-Jul-2025,07-Aug-2025,PE,26750.00,-,-,-,1998.10,1998.30,1889.85,-,-,-,375.00,-,24821.10
NIFTY,29-Jul-2025,07-Aug-2025,PE,27250.00,-,-,-,2497.05,2497.05,2388.75,-,-,-,150.00,-,24821.10
NIFTY,29-Jul-2025,07-Aug-2025,PE,24650.00,161.25,177.60,78.10,83.20,79.40,83.20,36611.00,680479.02,3633.16,308100.00,131625.00,24821.10
NIFTY,29-Jul-2025,07-Aug-2025,PE,23850.00,11.20,19.70,8.95,9.60,8.95,9.60,3714.00,66467.36,33.19,102600.00,66600.00,24821.10
NIFTY,29-Jul-2025,07-Aug-2025,PE,26300.00,-,-,-,1549.10,1549.10,1443.30,-,-,-,300.00,-,24821.10
NIFTY,29-Jul-2025,07-Aug-2025,PE,24900.00,277.00,323.80,171.25,178.60,172.50,178.60,24736.00,466139.05,4194.25,623850.00,156750.00,24821.10
NIFTY,29-Jul-2025,07-Aug-2025,PE,25150.00,487.10,519.10,332.90,348.50,335.45,348.50,1059.00,20315.99,340.61,88050.00,-6300.00,24821.10
NIFTY,29-Jul-2025,07-Aug-2025,PE,24050.00,28.05,33.65,14.40,15.25,14.55,15.25,7095.00,128093.57,117.51,166875.00,41775.00,24821.10
NIFTY,29-Jul-2025,07-Aug-2025,PE,26450.00,-,-,-,1697.35,1697.45,1591.55,-,-,-,525.00,-,24821.10
NIFTY,29-Jul-2025,07-Aug-2025,PE,23200.00,5.20,5.80,3.25,3.65,3.25,3.65,6027.00,104890.88,21.08,173850.00,30600.00,24821.10
NIFTY,29-Jul-2025,07-Aug-2025,PE,25200.00,538.00,568.30,372.10,384.85,376.05,384.85,5189.00,99906.68,1834.58,288750.00,-76500.00,24821.10
NIFTY,29-Jul-2025,07-Aug-2025,PE,25750.00,-,-,-,1022.15,1022.15,915.90,-,-,-,1050.00,-,24821.10
NIFTY,29-Jul-2025,07-Aug-2025,PE,26250.00,-,-,-,1493.75,1493.75,1394.10,-,-,-,450.00,-,24821.10
NIFTY,29-Jul-2025,07-Aug-2025,PE,25700.00,978.00,1019.00,825.70,834.00,825.70,834.00,110.00,2197.24,76.99,20550.00,4125.00,24821.10
NIFTY,29-Jul-2025,07-Aug-2025,PE,27100.00,-,-,-,1957.15,1957.15,2239.00,-,-,-,75.00,-,24821.10
NIFTY,29-Jul-2025,07-Aug-2025,PE,26100.00,-,-,-,1342.00,1342.00,1247.50,-,-,-,825.00,-,24821.10
NIFTY,29-Jul-2025,07-Aug-2025,PE,23450.00,5.50,8.45,4.60,4.85,5.10,4.85,568.00,9992.42,2.72,14700.00,-2400.00,24821.10
NIFTY,29-Jul-2025,07-Aug-2025,PE,26000.00,1238.60,1315.00,1123.95,1123.95,1123.95,1123.95,243.00,4957.65,219.15,33825.00,15300.00,24821.10
NIFTY,29-Jul-2025,07-Aug-2025,PE,25950.00,-,-,-,1204.10,1204.10,1103.15,-,-,-,300.00,-,24821.10
NIFTY,29-Jul-2025,07-Aug-2025,PE,23100.00,4.70,5.80,2.80,3.15,2.90,3.15,3886.00,67337.77,12.82,113175.00,27825.00,24821.10
NIFTY,29-Jul-2025,07-Aug-2025,PE,26850.00,-,-,-,2096.20,2095.95,1989.55,-,-,-,300.00,-,24821.10
NIFTY,29-Jul-2025,07-Aug-2025,PE,25500.00,800.00,840.00,630.00,640.10,637.65,640.10,897.00,17633.76,478.63,98625.00,27150.00,24821.10
NIFTY,29-Jul-2025,07-Aug-2025,PE,25000.00,388.15,397.85,227.40,237.55,231.70,237.55,30278.00,574315.19,6602.69,806850.00,73275.00,24821.10
NIFTY,29-Jul-2025,07-Aug-2025,PE,23050.00,5.85,5.85,2.70,3.15,2.70,3.15,113.00,1953.79,0.31,1875.00,1875.00,24821.10
NIFTY,29-Jul-2025,07-Aug-2025,PE,25050.00,411.55,437.40,261.10,271.25,265.50,271.25,1739.00,33109.75,438.29,74250.00,-600.00,24821.10
NIFTY,29-Jul-2025,07-Aug-2025,PE,24250.00,49.95,57.10,23.25,25.10,24.60,25.10,22906.00,417276.55,673.68,191100.00,97875.00,24821.10
NIFTY,29-Jul-2025,07-Aug-2025,PE,24850.00,270.00,294.75,147.10,154.95,148.75,154.95,14057.00,264001.11,2013.77,334200.00,139200.00,24821.10
NIFTY,30-Jul-2025,07-Aug-2025,PE,27200.00,2270.00,2280.90,2263.85,2269.10,2269.10,2309.30,80.00,1768.29,136.29,6000.00,5775.00,24855.05
NIFTY,30-Jul-2025,07-Aug-2025,PE,27150.00,-,-,-,2398.90,2399.00,2259.35,-,-,-,225.00,-,24855.05
NIFTY,30-Jul-2025,07-Aug-2025,PE,26300.00,1418.20,1447.00,1366.00,1396.00,1396.00,1412.75,37.00,768.94,39.11,2775.00,2475.00,24855.05
NIFTY,30-Jul-2025,07-Aug-2025,PE,26700.00,-,-,-,1947.90,1948.20,1810.25,-,-,-,975.00,-,24855.05
NIFTY,30-Jul-2025,07-Aug-2025,PE,25150.00,356.75,378.70,286.50,312.95,316.00,312.95,2745.00,52431.16,653.60,100575.00,12525.00,24855.05
NIFTY,30-Jul-2025,07-Aug-2025,PE,26350.00,-,-,-,1599.25,1599.25,1462.25,-,-,-,225.00,-,24855.05
NIFTY,30-Jul-2025,07-Aug-2025,PE,23650.00,6.55,8.70,5.30,6.15,5.90,6.15,3182.00,56454.70,13.98,66000.00,16875.00,24855.05
NIFTY,30-Jul-2025,07-Aug-2025,PE,25850.00,-,-,-,1106.80,1106.80,976.10,-,-,-,525.00,-,24855.05
NIFTY,30-Jul-2025,07-Aug-2025,PE,26500.00,1622.85,1664.00,1562.00,1591.00,1591.00,1591.00,69.00,1454.84,83.46,6225.00,4575.00,24855.05
NIFTY,30-Jul-2025,07-Aug-2025,PE,23700.00,7.40,7.40,6.05,6.50,6.30,6.50,39345.00,699546.37,189.00,480825.00,50325.00,24855.05
NIFTY,30-Jul-2025,07-Aug-2025,PE,26100.00,1252.00,1252.00,1181.30,1181.30,1181.30,1216.30,15.00,307.28,13.66,1950.00,1125.00,24855.05
NIFTY,30-Jul-2025,07-Aug-2025,PE,24900.00,175.55,204.65,136.65,153.35,156.05,153.35,141528.00,2660299.33,17263.93,1603050.00,979200.00,24855.05
NIFTY,30-Jul-2025,07-Aug-2025,PE,23100.00,2.90,3.20,2.25,3.00,2.90,3.00,7016.00,121566.70,14.50,252225.00,139050.00,24855.05
NIFTY,30-Jul-2025,07-Aug-2025,PE,23600.00,5.20,5.95,4.95,5.70,5.75,5.70,15935.00,282114.54,65.04,352725.00,173550.00,24855.05
NIFTY,30-Jul-2025,07-Aug-2025,PE,25800.00,940.00,966.05,871.10,906.70,911.95,906.70,286.00,5728.36,194.26,33750.00,18675.00,24855.05
NIFTY,30-Jul-2025,07-Aug-2025,PE,25300.00,480.65,508.95,407.15,435.95,439.40,435.95,3026.00,58418.85,1000.50,169800.00,40575.00,24855.05
NIFTY,30-Jul-2025,07-Aug-2025,PE,25600.00,756.95,790.00,683.00,708.30,716.00,708.30,547.00,10797.28,294.88,61050.00,28275.00,24855.05
NIFTY,30-Jul-2025,07-Aug-2025,PE,24100.00,15.95,17.45,12.90,14.45,15.00,14.45,32045.00,579558.06,344.68,705825.00,253800.00,24855.05
NIFTY,30-Jul-2025,07-Aug-2025,PE,26800.00,-,-,-,2047.55,2047.85,1910.00,-,-,-,450.00,-,24855.05
NIFTY,30-Jul-2025,07-Aug-2025,PE,24550.00,55.40,68.05,43.55,49.35,49.80,49.35,28620.00,528100.64,1134.89,280950.00,75075.00,24855.05
NIFTY,30-Jul-2025,07-Aug-2025,PE,23300.00,3.10,4.05,3.10,3.80,3.40,3.80,6431.00,112399.01,17.28,159075.00,74250.00,24855.05
NIFTY,30-Jul-2025,07-Aug-2025,PE,27250.00,-,-,-,2497.05,2497.05,2359.25,-,-,-,150.00,-,24855.05
NIFTY,30-Jul-2025,07-Aug-2025,PE,24400.00,37.85,41.75,27.85,31.35,32.20,31.35,56967.00,1043911.98,1415.88,835200.00,249450.00,24855.05
NIFTY,30-Jul-2025,07-Aug-2025,PE,25400.00,569.00,595.00,494.00,525.25,529.15,525.25,1243.00,24173.29,494.14,75825.00,28050.00,24855.05
NIFTY,30-Jul-2025,07-Aug-2025,PE,22950.00,2.65,2.85,2.25,2.65,2.65,2.65,7146.00,123013.61,13.08,425475.00,254400.00,24855.05
NIFTY,30-Jul-2025,07-Aug-2025,PE,25200.00,397.45,421.55,324.15,351.30,357.00,351.30,7495.00,143670.37,2014.87,382200.00,93450.00,24855.05
NIFTY,30-Jul-2025,07-Aug-2025,PE,23500.00,4.90,5.40,4.35,5.10,5.20,5.10,52623.00,927672.22,191.85,1889250.00,1208175.00,24855.05
NIFTY,30-Jul-2025,07-Aug-2025,PE,25950.00,-,-,-,1204.10,1204.10,1071.20,-,-,-,300.00,-,24855.05
NIFTY,30-Jul-2025,07-Aug-2025,PE,25250.00,444.10,456.10,365.70,394.95,396.60,394.95,811.00,15599.33,241.02,74175.00,-22725.00,24855.05
NIFTY,30-Jul-2025,07-Aug-2025,PE,26000.00,1125.00,1175.00,1070.00,1102.90,1107.00,1102.90,830.00,16877.87,692.87,90825.00,57000.00,24855.05
NIFTY,30-Jul-2025,07-Aug-2025,PE,26400.00,1520.00,1546.00,1465.00,1495.00,1495.00,1511.80,10.00,209.31,11.31,750.00,525.00,24855.05
NIFTY,30-Jul-2025,07-Aug-2025,PE,23800.00,7.00,8.75,7.00,7.75,7.50,7.75,38117.00,680606.44,217.99,889050.00,388425.00,24855.05
NIFTY,30-Jul-2025,07-Aug-2025,PE,25550.00,688.35,722.20,638.35,658.05,664.35,658.05,206.00,4048.45,100.97,12975.00,9225.00,24855.05
NIFTY,30-Jul-2025,07-Aug-2025,PE,25050.00,278.60,300.15,219.05,241.35,244.95,241.35,4053.00,76905.33,759.59,103800.00,29550.00,24855.05
NIFTY,30-Jul-2025,07-Aug-2025,PE,26250.00,-,-,-,1493.75,1493.75,1363.45,-,-,-,450.00,-,24855.05
NIFTY,30-Jul-2025,07-Aug-2025,PE,23000.00,2.75,3.00,2.25,2.75,2.65,2.75,23971.00,413545.20,45.45,1138875.00,762825.00,24855.05
NIFTY,30-Jul-2025,07-Aug-2025,PE,26150.00,-,-,-,1399.00,1399.00,1265.15,-,-,-,225.00,-,24855.05
NIFTY,30-Jul-2025,07-Aug-2025,PE,23250.00,3.65,3.75,2.95,3.55,3.35,3.55,1593.00,27781.81,3.87,57675.00,31200.00,24855.05
NIFTY,30-Jul-2025,07-Aug-2025,PE,26450.00,-,-,-,1697.35,1697.45,1561.40,-,-,-,525.00,-,24855.05
NIFTY,30-Jul-2025,07-Aug-2025,PE,24850.00,153.95,176.70,116.40,131.55,133.25,131.55,83984.00,1574119.06,8867.26,523800.00,189600.00,24855.05
NIFTY,30-Jul-2025,07-Aug-2025,PE,23400.00,4.00,4.70,3.70,4.40,4.05,4.40,12635.00,221783.72,39.47,256650.00,94425.00,24855.05
NIFTY,30-Jul-2025,07-Aug-2025,PE,24450.00,45.20,49.20,32.00,36.10,37.35,36.10,25527.00,468845.49,744.12,376200.00,126675.00,24855.05
NIFTY,30-Jul-2025,07-Aug-2025,PE,24700.00,100.00,111.25,71.20,80.20,82.50,80.20,121366.00,2256295.25,7990.10,1327275.00,269550.00,24855.05
NIFTY,30-Jul-2025,07-Aug-2025,PE,26850.00,-,-,-,2096.20,2095.95,1959.90,-,-,-,300.00,-,24855.05
NIFTY,30-Jul-2025,07-Aug-2025,PE,23950.00,11.60,12.10,9.35,10.55,10.45,10.55,14767.00,265366.69,114.45,159450.00,4350.00,24855.05
NIFTY,30-Jul-2025,07-Aug-2025,PE,23850.00,9.60,9.60,6.05,8.45,8.30,8.45,4365.00,78106.16,27.22,105675.00,3075.00,24855.05
NIFTY,30-Jul-2025,07-Aug-2025,PE,25000.00,188.00,267.95,187.00,207.70,212.35,207.70,61744.00,1167862.42,10162.42,1181475.00,374625.00,24855.05
NIFTY,30-Jul-2025,07-Aug-2025,PE,24800.00,135.95,152.30,98.50,110.90,114.75,110.90,219466.00,4101930.89,19863.29,1955250.00,840600.00,24855.05
NIFTY,30-Jul-2025,07-Aug-2025,PE,25750.00,-,-,-,1022.15,1022.15,882.85,-,-,-,1050.00,-,24855.05
NIFTY,30-Jul-2025,07-Aug-2025,PE,23750.00,6.55,7.70,6.50,7.20,7.70,7.20,4416.00,78683.65,23.65,110175.00,15900.00,24855.05
NIFTY,30-Jul-2025,07-Aug-2025,PE,24950.00,213.35,234.90,161.00,179.80,182.20,179.80,15127.00,285213.02,2149.03,183600.00,89175.00,24855.05
NIFTY,30-Jul-2025,07-Aug-2025,PE,26200.00,1354.00,1354.00,1275.00,1297.00,1297.00,1314.20,9.00,185.65,8.80,750.00,375.00,24855.05
NIFTY,30-Jul-2025,07-Aug-2025,PE,24300.00,25.00,31.00,21.35,23.90,24.10,23.90,66893.00,1220354.19,1229.27,1431825.00,818700.00,24855.05
NIFTY,30-Jul-2025,07-Aug-2025,PE,24650.00,84.00,94.50,60.10,68.45,70.10,68.45,29093.00,539470.33,1613.50,371325.00,63225.00,24855.05
NIFTY,30-Jul-2025,07-Aug-2025,PE,25350.00,520.00,530.40,452.15,481.75,483.85,481.75,221.00,4282.10,80.34,16800.00,4425.00,24855.05
NIFTY,30-Jul-2025,07-Aug-2025,PE,25700.00,835.00,870.00,777.05,801.40,817.65,801.40,329.00,6540.98,199.51,38475.00,17925.00,24855.05
NIFTY,30-Jul-2025,07-Aug-2025,PE,23900.00,9.80,10.70,8.50,9.55,9.95,9.55,28804.00,516513.04,201.34,521025.00,190725.00,24855.05
NIFTY,30-Jul-2025,07-Aug-2025,PE,25650.00,750.00,762.65,750.00,762.55,762.45,762.55,11.00,217.88,6.26,2625.00,600.00,24855.05
NIFTY,30-Jul-2025,07-Aug-2025,PE,26750.00,-,-,-,1998.10,1998.30,1860.10,-,-,-,375.00,-,24855.05
NIFTY,30-Jul-2025,07-Aug-2025,PE,25900.00,1062.00,1062.00,971.00,1005.15,1007.55,1005.15,170.00,3429.00,126.75,13050.00,11475.00,24855.05
NIFTY,30-Jul-2025,07-Aug-2025,PE,23450.00,4.20,5.00,3.90,4.70,4.65,4.70,2885.00,50749.62,9.68,72000.00,57300.00,24855.05
NIFTY,30-Jul-2025,07-Aug-2025,PE,27050.00,-,-,-,1907.45,1907.45,2159.50,-,-,-,75.00,-,24855.05
NIFTY,30-Jul-2025,07-Aug-2025,PE,24600.00,73.85,80.70,51.50,58.40,59.65,58.40,80686.00,1492417.77,3761.07,1844775.00,706350.00,24855.05
NIFTY,30-Jul-2025,07-Aug-2025,PE,25450.00,590.40,639.90,540.75,571.65,573.00,571.65,230.00,4490.54,100.42,12000.00,2850.00,24855.05
NIFTY,30-Jul-2025,07-Aug-2025,PE,26650.00,-,-,-,1896.90,1896.65,1760.40,-,-,-,300.00,-,24855.05
NIFTY,30-Jul-2025,07-Aug-2025,PE,25100.00,308.35,340.05,250.30,274.65,279.00,274.65,13478.00,256629.60,2906.25,530175.00,138825.00,24855.05
NIFTY,30-Jul-2025,07-Aug-2025,PE,27000.00,2086.00,2124.00,2067.55,2097.20,2100.25,2097.20,27.00,589.20,42.45,4125.00,1875.00,24855.05
NIFTY,30-Jul-2025,07-Aug-2025,PE,24150.00,18.15,19.90,14.50,16.30,15.95,16.30,7254.00,131478.58,90.50,177600.00,64500.00,24855.05
NIFTY,30-Jul-2025,07-Aug-2025,PE,24750.00,116.70,130.35,83.85,94.55,95.40,94.55,42071.00,784177.11,3234.17,446475.00,113700.00,24855.05
NIFTY,30-Jul-2025,07-Aug-2025,PE,26950.00,-,-,-,2198.30,2198.45,2059.70,-,-,-,300.00,-,24855.05
NIFTY,30-Jul-2025,07-Aug-2025,PE,23200.00,3.65,4.60,2.75,3.40,3.15,3.40,9398.00,163547.60,22.40,257100.00,83250.00,24855.05
NIFTY,30-Jul-2025,07-Aug-2025,PE,27100.00,-,-,-,1957.15,1957.15,2209.45,-,-,-,75.00,-,24855.05
NIFTY,30-Jul-2025,07-Aug-2025,PE,26550.00,-,-,-,1797.70,1797.70,1660.80,-,-,-,225.00,-,24855.05
NIFTY,30-Jul-2025,07-Aug-2025,PE,24350.00,27.00,35.75,24.40,27.30,28.85,27.30,19092.00,349075.40,407.75,225150.00,-2775.00,24855.05
NIFTY,30-Jul-2025,07-Aug-2025,PE,23150.00,3.35,3.60,2.60,3.35,2.75,3.35,616.00,10696.72,1.42,21450.00,16725.00,24855.05
NIFTY,30-Jul-2025,07-Aug-2025,PE,24050.00,14.55,15.35,11.70,13.00,12.35,13.00,8940.00,161340.90,85.65,109725.00,-57150.00,24855.05
NIFTY,30-Jul-2025,07-Aug-2025,PE,24000.00,12.15,13.70,10.45,11.70,12.20,11.70,82796.00,1491045.39,717.39,2302200.00,1248075.00,24855.05
NIFTY,30-Jul-2025,07-Aug-2025,PE,23550.00,5.25,5.70,4.60,5.35,5.20,5.35,3135.00,55384.04,12.10,62775.00,28200.00,24855.05
NIFTY,30-Jul-2025,07-Aug-2025,PE,24200.00,20.00,23.20,16.40,18.40,18.50,18.40,51966.00,943913.03,730.13,1174425.00,549975.00,24855.05
NIFTY,30-Jul-2025,07-Aug-2025,PE,23050.00,2.90,3.20,2.20,2.90,2.20,2.90,296.00,5117.71,0.61,8850.00,6975.00,24855.05
NIFTY,30-Jul-2025,07-Aug-2025,PE,25500.00,662.30,689.30,584.25,617.10,621.00,617.10,2185.00,42807.42,1019.29,164175.00,65550.00,24855.05
NIFTY,30-Jul-2025,07-Aug-2025,PE,26050.00,-,-,-,1298.90,1300.30,1167.65,-,-,-,375.00,-,24855.05
NIFTY,30-Jul-2025,07-Aug-2025,PE,24500.00,50.00,57.75,37.55,42.35,43.50,42.35,106568.00,1961781.71,3594.71,2026875.00,406350.00,24855.05
NIFTY,30-Jul-2025,07-Aug-2025,PE,24250.00,25.30,26.65,19.00,21.20,22.05,21.20,16469.00,299796.73,266.79,370275.00,179175.00,24855.05
NIFTY,30-Jul-2025,07-Aug-2025,PE,26900.00,-,-,-,2148.40,2148.45,2009.80,-,-,-,300.00,-,24855.05
NIFTY,30-Jul-2025,07-Aug-2025,PE,23350.00,3.45,4.40,3.35,4.10,3.85,4.10,1854.00,32473.55,5.37,75525.00,33975.00,24855.05
NIFTY,30-Jul-2025,07-Aug-2025,PE,26600.00,-,-,-,1760.00,1760.00,1710.60,-,-,-,525.00,-,24855.05
NIFTY,31-Jul-2025,07-Aug-2025,PE,24500.00,92.00,105.35,34.85,56.75,58.85,56.75,402560.00,7415335.87,18295.87,3670275.00,1643400.00,24768.35
NIFTY,31-Jul-2025,07-Aug-2025,PE,27000.00,2042.70,2197.00,2042.70,2174.35,2196.65,2174.35,27.00,589.40,42.65,6000.00,1875.00,24768.35
NIFTY,31-Jul-2025,07-Aug-2025,PE,24250.00,42.75,52.95,18.45,26.00,26.15,26.00,58457.00,1064492.28,1305.60,407550.00,37275.00,24768.35
NIFTY,31-Jul-2025,07-Aug-2025,PE,23750.00,23.00,23.00,6.10,7.15,7.10,7.15,21735.00,387310.31,155.62,184125.00,73950.00,24768.35
NIFTY,31-Jul-2025,07-Aug-2025,PE,25750.00,1048.00,1060.00,798.15,947.20,951.05,947.20,166.00,3314.78,108.90,10950.00,9900.00,24768.35
NIFTY,31-Jul-2025,07-Aug-2025,PE,23300.00,6.10,7.70,3.00,3.25,3.30,3.25,37686.00,658696.31,133.46,601875.00,442800.00,24768.35
NIFTY,31-Jul-2025,07-Aug-2025,PE,25250.00,550.00,581.45,316.70,462.10,472.30,462.10,1626.00,31263.48,471.10,85575.00,11400.00,24768.35
NIFTY,31-Jul-2025,07-Aug-2025,PE,22950.00,3.80,4.95,2.25,2.50,2.40,2.50,53612.00,922926.83,130.28,1955925.00,1530450.00,24768.35
NIFTY,31-Jul-2025,07-Aug-2025,PE,25650.00,959.30,959.30,700.00,849.25,855.45,849.25,31.00,616.12,19.75,3225.00,600.00,24768.35
NIFTY,31-Jul-2025,07-Aug-2025,PE,25800.00,1116.05,1116.05,830.00,997.35,1002.00,997.35,352.00,7068.30,257.10,43950.00,10200.00,24768.35
NIFTY,31-Jul-2025,07-Aug-2025,PE,24350.00,44.50,68.75,23.40,35.20,35.35,35.20,75356.00,1378385.18,2196.23,696750.00,471600.00,24768.35
NIFTY,31-Jul-2025,07-Aug-2025,PE,24100.00,30.00,36.30,12.85,16.95,17.35,16.95,131430.00,2377558.44,1961.19,1454175.00,748350.00,24768.35
NIFTY,31-Jul-2025,07-Aug-2025,PE,25450.00,758.00,765.00,491.10,642.75,656.05,642.75,262.00,5116.54,115.62,16275.00,4275.00,24768.35
NIFTY,31-Jul-2025,07-Aug-2025,PE,25300.00,600.95,649.00,355.60,510.75,513.90,510.75,7163.00,138514.87,2596.95,240750.00,70950.00,24768.35
NIFTY,31-Jul-2025,07-Aug-2025,PE,23550.00,0.30,11.10,0.30,4.90,4.45,4.90,13749.00,242912.75,71.03,102975.00,40200.00,24768.35
NIFTY,31-Jul-2025,07-Aug-2025,PE,26700.00,1730.00,1824.40,1730.00,1820.45,1820.45,1901.05,33.00,704.21,43.39,2550.00,1575.00,24768.35
NIFTY,31-Jul-2025,07-Aug-2025,PE,24650.00,111.65,161.45,53.60,91.80,96.40,91.80,168814.00,3133728.63,12779.81,920625.00,549300.00,24768.35
NIFTY,31-Jul-2025,07-Aug-2025,PE,25000.00,300.00,386.45,159.35,259.95,270.75,259.95,180790.00,3420485.54,30673.04,1760100.00,578625.00,24768.35
NIFTY,31-Jul-2025,07-Aug-2025,PE,24700.00,140.00,184.60,62.30,107.75,112.10,107.75,577065.00,10740537.96,50408.83,3178050.00,1850775.00,24768.35
NIFTY,31-Jul-2025,07-Aug-2025,PE,25550.00,820.00,820.00,574.60,714.15,752.65,714.15,94.00,1848.13,46.85,17850.00,4875.00,24768.35
NIFTY,31-Jul-2025,07-Aug-2025,PE,24050.00,24.75,32.00,11.50,14.65,14.80,14.65,34266.00,618520.16,447.19,249375.00,139650.00,24768.35
NIFTY,31-Jul-2025,07-Aug-2025,PE,24750.00,177.85,210.40,72.90,127.00,132.75,127.00,216374.00,4036924.47,20482.09,1042350.00,595875.00,24768.35
NIFTY,31-Jul-2025,07-Aug-2025,PE,23850.00,16.00,20.90,7.30,8.95,9.25,8.95,24762.00,443146.76,216.49,218475.00,112800.00,24768.35
NIFTY,31-Jul-2025,07-Aug-2025,PE,25900.00,1092.00,1103.00,940.00,1097.20,1097.00,1097.20,90.00,1819.07,70.82,13875.00,825.00,24768.35
NIFTY,31-Jul-2025,07-Aug-2025,PE,23800.00,13.25,18.30,6.50,8.05,7.90,8.05,102301.00,1826837.78,764.93,1791675.00,902625.00,24768.35
NIFTY,31-Jul-2025,07-Aug-2025,PE,26500.00,1780.00,1816.50,1535.00,1694.70,1695.80,1694.70,137.00,2892.72,169.84,15000.00,8775.00,24768.35
NIFTY,31-Jul-2025,07-Aug-2025,PE,24800.00,180.00,241.10,85.65,147.10,154.60,147.10,522818.00,9779646.66,55231.86,3248175.00,1292925.00,24768.35
NIFTY,31-Jul-2025,07-Aug-2025,PE,23400.00,5.50,8.80,3.40,3.65,3.70,3.65,82434.00,1447045.48,328.78,989025.00,732375.00,24768.35
NIFTY,31-Jul-2025,07-Aug-2025,PE,26200.00,1509.00,1509.00,1211.00,1364.30,1390.30,1364.30,68.00,1406.04,69.84,4650.00,3900.00,24768.35
NIFTY,31-Jul-2025,07-Aug-2025,PE,27100.00,2289.85,2289.85,2288.85,2289.25,2288.85,2289.25,5.00,110.21,8.58,450.00,375.00,24768.35
NIFTY,31-Jul-2025,07-Aug-2025,PE,25050.00,380.00,423.90,185.75,294.15,305.00,294.15,14983.00,284375.89,2882.77,87450.00,-16350.00,24768.35
NIFTY,31-Jul-2025,07-Aug-2025,PE,26250.00,1379.00,1379.00,1379.00,1379.00,1379.00,1452.50,1.00,20.72,1.03,525.00,75.00,24768.35
NIFTY,31-Jul-2025,07-Aug-2025,PE,25850.00,1156.80,1160.00,924.80,993.00,993.00,1059.10,21.00,423.03,15.89,825.00,300.00,24768.35
NIFTY,31-Jul-2025,07-Aug-2025,PE,24450.00,60.00,91.35,30.15,48.50,49.70,48.50,86830.00,1595634.92,3389.80,543000.00,166800.00,24768.35
NIFTY,31-Jul-2025,07-Aug-2025,PE,24550.00,99.95,121.00,39.70,66.20,68.50,66.20,124894.00,2306213.07,6602.30,503100.00,222150.00,24768.35
NIFTY,31-Jul-2025,07-Aug-2025,PE,24600.00,110.00,140.15,46.05,77.45,82.05,77.45,393856.00,7291749.39,25106.19,3070050.00,1225275.00,24768.35
NIFTY,31-Jul-2025,07-Aug-2025,PE,24850.00,200.00,277.10,100.60,168.95,179.80,168.95,195754.00,3670649.23,22284.06,998550.00,474750.00,24768.35
NIFTY,31-Jul-2025,07-Aug-2025,PE,26000.00,1155.00,1341.85,1013.55,1191.50,1197.40,1191.50,959.00,19527.88,827.38,124050.00,33225.00,24768.35
NIFTY,31-Jul-2025,07-Aug-2025,PE,24950.00,219.20,344.25,137.55,227.90,237.30,227.90,81143.00,1529623.34,11234.95,294375.00,110775.00,24768.35
NIFTY,31-Jul-2025,07-Aug-2025,PE,23000.00,3.15,5.95,2.25,2.55,2.40,2.55,142197.00,2453281.98,383.73,2991000.00,1852125.00,24768.35
NIFTY,31-Jul-2025,07-Aug-2025,PE,26600.00,1788.85,1789.45,1788.20,1788.80,1789.45,1788.80,8.00,170.33,10.73,1125.00,600.00,24768.35
NIFTY,31-Jul-2025,07-Aug-2025,PE,24300.00,50.00,60.35,20.50,29.80,32.80,29.80,210751.00,3846132.34,5195.37,2595525.00,1163700.00,24768.35
NIFTY,31-Jul-2025,07-Aug-2025,PE,23500.00,9.80,10.10,4.15,4.50,4.50,4.50,219650.00,3872356.40,1025.15,4016175.00,2126925.00,24768.35
NIFTY,31-Jul-2025,07-Aug-2025,PE,26300.00,1600.00,1600.00,1340.00,1400.00,1400.00,1502.20,20.00,415.62,21.12,3825.00,1050.00,24768.35
NIFTY,31-Jul-2025,07-Aug-2025,PE,26900.00,2091.70,2091.70,2091.40,2091.55,2091.40,2091.55,2.00,43.49,3.14,450.00,150.00,24768.35
NIFTY,31-Jul-2025,07-Aug-2025,PE,26950.00,2141.60,2141.60,2141.30,2141.45,2141.30,2141.45,2.00,43.64,3.21,450.00,150.00,24768.35
NIFTY,31-Jul-2025,07-Aug-2025,PE,23600.00,10.55,12.10,4.75,5.30,5.30,5.30,81995.00,1451744.51,433.01,1020525.00,667800.00,24768.35
NIFTY,31-Jul-2025,07-Aug-2025,PE,23050.00,4.45,6.80,2.35,2.65,2.45,2.65,7451.00,128829.67,20.51,75375.00,66525.00,24768.35
NIFTY,31-Jul-2025,07-Aug-2025,PE,27150.00,2341.00,2341.00,2340.50,2340.80,2340.50,2340.80,4.00,88.47,7.02,525.00,300.00,24768.35
NIFTY,31-Jul-2025,07-Aug-2025,PE,25150.00,451.95,515.20,246.00,374.80,384.60,374.80,5750.00,109947.24,1487.86,86850.00,-13725.00,24768.35
NIFTY,31-Jul-2025,07-Aug-2025,PE,27250.00,2442.95,2442.95,2442.95,2442.95,2442.95,2442.95,1.00,22.27,1.83,225.00,75.00,24768.35
NIFTY,31-Jul-2025,07-Aug-2025,PE,25400.00,709.05,744.35,439.15,605.25,613.70,605.25,2609.00,50832.28,1130.83,130350.00,54525.00,24768.35
NIFTY,31-Jul-2025,07-Aug-2025,PE,25350.00,645.55,685.15,397.85,553.15,567.65,553.15,601.00,11669.36,242.85,29625.00,12825.00,24768.35
NIFTY,31-Jul-2025,07-Aug-2025,PE,26550.00,1600.00,1740.00,1600.00,1718.45,1740.00,1718.45,29.00,613.95,36.49,1575.00,1350.00,24768.35
NIFTY,31-Jul-2025,07-Aug-2025,PE,26650.00,1844.85,1845.00,1844.55,1844.85,1844.55,1844.85,4.00,85.48,5.53,600.00,300.00,24768.35
NIFTY,31-Jul-2025,07-Aug-2025,PE,24000.00,20.10,30.00,10.25,13.20,13.60,13.20,269753.00,4858763.91,3209.91,4601250.00,2299050.00,24768.35
NIFTY,31-Jul-2025,07-Aug-2025,PE,25100.00,401.00,469.25,214.00,337.65,345.00,337.65,31522.00,600696.84,7295.19,551850.00,21675.00,24768.35
NIFTY,31-Jul-2025,07-Aug-2025,PE,26350.00,1479.00,1479.00,1479.00,1479.00,1479.00,1551.95,1.00,20.87,1.11,300.00,75.00,24768.35
NIFTY,31-Jul-2025,07-Aug-2025,PE,23450.00,7.05,9.40,3.75,4.10,4.15,4.10,17037.00,299716.28,78.04,112500.00,40500.00,24768.35
NIFTY,31-Jul-2025,07-Aug-2025,PE,23900.00,19.20,22.60,8.10,10.25,10.30,10.25,75944.00,1361993.59,697.39,972600.00,451575.00,24768.35
NIFTY,31-Jul-2025,07-Aug-2025,PE,25500.00,775.00,845.65,528.20,698.55,703.60,698.55,4273.00,83886.35,2165.22,318375.00,154200.00,24768.35
NIFTY,31-Jul-2025,07-Aug-2025,PE,24400.00,62.60,79.75,26.50,40.90,41.35,40.90,209493.00,3840818.21,7096.31,1767225.00,932025.00,24768.35
NIFTY,31-Jul-2025,07-Aug-2025,PE,24900.00,250.00,309.50,117.65,197.80,208.00,197.80,365251.00,6867389.22,46326.79,2108325.00,505275.00,24768.35
NIFTY,31-Jul-2025,07-Aug-2025,PE,26750.00,1943.05,1943.05,1943.05,1943.05,1943.05,1943.05,1.00,21.52,1.46,450.00,75.00,24768.35
NIFTY,31-Jul-2025,07-Aug-2025,PE,25600.00,909.00,939.95,626.95,795.00,802.85,795.00,1126.00,22263.51,644.31,87300.00,26250.00,24768.35
NIFTY,31-Jul-2025,07-Aug-2025,PE,23250.00,4.60,6.65,2.70,3.05,2.95,3.05,6875.00,119906.64,23.83,115200.00,57525.00,24768.35
NIFTY,31-Jul-2025,07-Aug-2025,PE,23700.00,10.05,14.85,5.50,6.55,6.65,6.55,87914.00,1563228.73,557.38,887250.00,406425.00,24768.35
NIFTY,31-Jul-2025,07-Aug-2025,PE,24200.00,34.95,46.40,16.35,22.25,23.50,22.25,191466.00,3478667.42,3559.52,2593200.00,1418775.00,24768.35
NIFTY,31-Jul-2025,07-Aug-2025,PE,26100.00,1410.30,1410.30,1207.00,1293.20,1297.55,1293.20,13.00,267.12,12.64,2400.00,450.00,24768.35
NIFTY,31-Jul-2025,07-Aug-2025,PE,26850.00,2044.55,2044.55,2044.55,2044.55,2044.55,2044.55,1.00,21.67,1.53,375.00,75.00,24768.35
NIFTY,31-Jul-2025,07-Aug-2025,PE,26050.00,1182.60,1250.00,1182.60,1250.00,1250.00,1250.00,2.00,40.90,1.82,525.00,150.00,24768.35
NIFTY,31-Jul-2025,07-Aug-2025,PE,23100.00,4.80,6.50,2.40,2.60,2.55,2.60,31310.00,542531.84,86.09,547875.00,295650.00,24768.35
NIFTY,31-Jul-2025,07-Aug-2025,PE,26800.00,1991.95,1991.95,1991.65,1991.85,1991.65,1991.85,4.00,86.38,5.98,750.00,300.00,24768.35
NIFTY,31-Jul-2025,07-Aug-2025,PE,23200.00,10.00,10.00,2.65,2.95,3.00,2.95,51641.00,898719.90,166.50,586575.00,329475.00,24768.35
NIFTY,31-Jul-2025,07-Aug-2025,PE,26150.00,1281.65,1281.65,1281.65,1281.65,1281.65,1353.35,1.00,20.57,0.96,300.00,75.00,24768.35
NIFTY,31-Jul-2025,07-Aug-2025,PE,27200.00,2390.70,2390.70,2389.75,2390.10,2389.80,2390.10,5.00,110.96,8.96,6000.00,-,24768.35
NIFTY,31-Jul-2025,07-Aug-2025,PE,23150.00,6.25,6.90,2.65,2.90,2.80,2.90,9430.00,163756.92,28.55,183750.00,162300.00,24768.35
NIFTY,31-Jul-2025,07-Aug-2025,PE,23950.00,20.80,25.55,9.10,11.35,11.70,11.35,26135.00,469719.27,269.34,358650.00,199200.00,24768.35
NIFTY,31-Jul-2025,07-Aug-2025,PE,26450.00,1600.20,1606.80,1600.20,1604.10,1606.80,1604.10,7.00,147.28,8.42,1050.00,525.00,24768.35
NIFTY,31-Jul-2025,07-Aug-2025,PE,25700.00,1013.05,1031.35,729.05,888.90,902.60,888.90,450.00,8973.41,299.66,45300.00,6825.00,24768.35
NIFTY,31-Jul-2025,07-Aug-2025,PE,27050.00,2241.25,2241.35,2240.95,2241.20,2241.35,2241.20,5.00,109.84,8.40,450.00,375.00,24768.35
NIFTY,31-Jul-2025,07-Aug-2025,PE,26400.00,1599.00,1599.00,1599.00,1599.00,1599.00,1599.00,2.00,42.00,2.40,900.00,150.00,24768.35
NIFTY,31-Jul-2025,07-Aug-2025,PE,25200.00,501.00,557.25,279.80,418.65,430.50,418.65,20846.00,399870.27,5880.87,437625.00,55425.00,24768.35
NIFTY,31-Jul-2025,07-Aug-2025,PE,23650.00,10.00,20.00,5.05,5.80,6.00,5.80,15329.00,271990.45,92.31,125550.00,59550.00,24768.35
NIFTY,31-Jul-2025,07-Aug-2025,PE,24150.00,29.70,40.80,14.45,19.35,20.00,19.35,45218.00,819766.55,755.53,326925.00,149325.00,24768.35
NIFTY,31-Jul-2025,07-Aug-2025,PE,23350.00,4.10,8.35,3.20,3.55,3.60,3.55,12045.00,210985.93,47.87,157500.00,81975.00,24768.35
NIFTY,31-Jul-2025,07-Aug-2025,PE,25950.00,1256.25,1256.25,1069.15,1069.15,1069.15,1156.40,3.00,60.94,2.55,450.00,150.00,24768.35
NIFTY,01-Aug-2025,07-Aug-2025,PE,25050.00,370.90,521.30,310.00,505.60,506.90,505.60,10952.00,209005.35,3244.65,81825.00,-5625.00,24565.35
NIFTY,01-Aug-2025,07-Aug-2025,PE,23600.00,5.30,7.15,4.00,6.30,5.80,6.30,297003.00,5258057.77,1104.67,1433850.00,413325.00,24565.35
NIFTY,01-Aug-2025,07-Aug-2025,PE,24000.00,13.00,23.50,9.35,20.50,19.35,20.50,975310.00,17566394.73,10814.73,5608050.00,1006800.00,24565.35
NIFTY,01-Aug-2025,07-Aug-2025,PE,23000.00,2.45,2.90,1.90,2.35,2.70,2.35,301259.00,5197198.29,480.54,4531425.00,1540425.00,24565.35
NIFTY,01-Aug-2025,07-Aug-2025,PE,22950.00,2.50,2.70,1.85,2.20,2.55,2.20,182637.00,3143921.63,282.27,3050175.00,1094250.00,24565.35
NIFTY,01-Aug-2025,07-Aug-2025,PE,26300.00,1600.00,1643.55,1520.00,1643.55,1643.55,1708.85,7.00,146.48,8.40,3825.00,-,24565.35
NIFTY,01-Aug-2025,07-Aug-2025,PE,25900.00,1178.85,1333.30,1164.10,1317.25,1333.30,1317.25,32.00,651.05,29.45,14025.00,150.00,24565.35
NIFTY,01-Aug-2025,07-Aug-2025,PE,26350.00,-,-,-,1479.00,1479.00,1758.75,-,-,-,300.00,-,24565.35
NIFTY,01-Aug-2025,07-Aug-2025,PE,26000.00,1255.00,1450.00,1206.60,1421.45,1440.00,1421.45,916.00,18786.88,924.88,150900.00,26850.00,24565.35
NIFTY,01-Aug-2025,07-Aug-2025,PE,26900.00,-,-,-,2091.55,2091.40,2308.15,-,-,-,450.00,-,24565.35
NIFTY,01-Aug-2025,07-Aug-2025,PE,23100.00,2.90,3.45,1.95,2.70,3.05,2.70,105782.00,1832857.34,184.19,929850.00,381975.00,24565.35
NIFTY,01-Aug-2025,07-Aug-2025,PE,25250.00,556.40,704.00,482.00,680.95,692.40,680.95,907.00,17568.78,392.47,83925.00,-1650.00,24565.35
NIFTY,01-Aug-2025,07-Aug-2025,PE,27050.00,-,-,-,2241.20,2241.35,2458.00,-,-,-,450.00,-,24565.35
NIFTY,01-Aug-2025,07-Aug-2025,PE,23700.00,6.60,9.25,4.85,8.10,7.60,8.10,321685.00,5719444.62,1493.74,1732275.00,845025.00,24565.35
NIFTY,01-Aug-2025,07-Aug-2025,PE,26650.00,-,-,-,1844.85,1844.55,2058.40,-,-,-,600.00,-,24565.35
NIFTY,01-Aug-2025,07-Aug-2025,PE,25100.00,395.00,569.10,344.00,542.40,551.40,542.40,19095.00,365691.52,6228.15,416700.00,-135150.00,24565.35
NIFTY,01-Aug-2025,07-Aug-2025,PE,23400.00,3.65,4.60,2.85,4.00,4.00,4.00,191965.00,3369473.07,487.32,2322900.00,1333875.00,24565.35
NIFTY,01-Aug-2025,07-Aug-2025,PE,26550.00,-,-,-,1718.45,1740.00,1958.50,-,-,-,1575.00,-,24565.35
NIFTY,01-Aug-2025,07-Aug-2025,PE,23450.00,4.50,5.20,3.15,4.45,4.75,4.45,68941.00,1212692.59,192.75,317775.00,205275.00,24565.35
NIFTY,01-Aug-2025,07-Aug-2025,PE,25650.00,927.00,1096.80,870.45,1096.65,1096.40,1096.65,72.00,1438.05,52.95,3600.00,375.00,24565.35
NIFTY,01-Aug-2025,07-Aug-2025,PE,23300.00,3.50,4.10,2.50,3.55,3.60,3.55,191219.00,3341979.14,427.11,1978650.00,1376775.00,24565.35
NIFTY,01-Aug-2025,07-Aug-2025,PE,25300.00,550.00,759.00,522.20,734.45,741.00,734.45,3024.00,58795.00,1414.60,246600.00,5850.00,24565.35
NIFTY,01-Aug-2025,07-Aug-2025,PE,23950.00,13.00,19.85,8.15,16.90,16.25,16.90,269100.00,4836207.36,2498.61,636300.00,277650.00,24565.35
NIFTY,01-Aug-2025,07-Aug-2025,PE,23250.00,3.50,3.90,2.35,3.20,3.40,3.20,74978.00,1307585.00,156.12,261450.00,146250.00,24565.35
NIFTY,01-Aug-2025,07-Aug-2025,PE,25200.00,448.35,662.20,433.85,639.00,646.00,639.00,9832.00,189714.72,3889.92,410625.00,-27000.00,24565.35
NIFTY,01-Aug-2025,07-Aug-2025,PE,25700.00,1015.00,1146.35,909.15,1136.85,1134.90,1136.85,119.00,2386.16,92.44,45375.00,75.00,24565.35
NIFTY,01-Aug-2025,07-Aug-2025,PE,24200.00,23.50,46.75,16.25,40.90,39.85,40.90,1035551.00,18817702.09,22451.44,6255375.00,3662175.00,24565.35
NIFTY,01-Aug-2025,07-Aug-2025,PE,26250.00,-,-,-,1379.00,1379.00,1658.90,-,-,-,525.00,-,24565.35
NIFTY,01-Aug-2025,07-Aug-2025,PE,24300.00,30.85,68.00,22.90,58.50,58.95,58.50,1304014.00,23804776.35,39121.20,3586950.00,991425.00,24565.35
NIFTY,01-Aug-2025,07-Aug-2025,PE,25450.00,730.00,901.20,675.85,888.45,883.55,888.45,148.00,2912.93,87.98,15600.00,-675.00,24565.35
NIFTY,01-Aug-2025,07-Aug-2025,PE,24650.00,105.00,210.95,88.10,181.75,194.40,181.75,2410021.00,44803543.50,248280.26,1311525.00,390900.00,24565.35
NIFTY,01-Aug-2025,07-Aug-2025,PE,26750.00,-,-,-,1943.05,1943.05,2158.30,-,-,-,450.00,-,24565.35
NIFTY,01-Aug-2025,07-Aug-2025,PE,25400.00,685.00,854.70,612.25,836.50,839.00,836.50,1157.00,22664.79,623.94,141000.00,10650.00,24565.35
NIFTY,01-Aug-2025,07-Aug-2025,PE,24500.00,65.00,134.35,49.45,117.00,119.45,117.00,2637346.00,48625898.03,164665.28,4352925.00,682650.00,24565.35
NIFTY,01-Aug-2025,07-Aug-2025,PE,25950.00,1285.15,1302.20,1285.00,1287.45,1287.45,1359.90,12.00,245.15,11.60,600.00,150.00,24565.35
NIFTY,01-Aug-2025,07-Aug-2025,PE,24800.00,200.00,312.00,151.20,282.65,296.00,282.65,1277480.00,23954951.11,193823.11,2615700.00,-632475.00,24565.35
NIFTY,01-Aug-2025,07-Aug-2025,PE,23550.00,4.90,6.40,3.75,5.65,5.50,5.65,64181.00,1133817.91,221.00,281550.00,178575.00,24565.35
NIFTY,01-Aug-2025,07-Aug-2025,PE,24550.00,79.90,158.25,60.20,138.80,141.00,138.80,1418223.00,26221113.07,108082.08,1352400.00,849300.00,24565.35
NIFTY,01-Aug-2025,07-Aug-2025,PE,24050.00,15.35,27.65,10.55,24.15,23.10,24.15,304269.00,5492161.62,3909.54,681825.00,432450.00,24565.35
NIFTY,01-Aug-2025,07-Aug-2025,PE,23800.00,7.90,12.30,5.80,10.85,10.00,10.85,372735.00,6655595.18,2275.43,2615475.00,823800.00,24565.35
NIFTY,01-Aug-2025,07-Aug-2025,PE,24350.00,35.35,81.15,27.40,69.50,70.35,69.50,743734.00,13609515.93,27073.76,1458075.00,761325.00,24565.35
NIFTY,01-Aug-2025,07-Aug-2025,PE,26850.00,-,-,-,2044.55,2044.55,2258.20,-,-,-,375.00,-,24565.35
NIFTY,01-Aug-2025,07-Aug-2025,PE,27250.00,-,-,-,2442.95,2442.95,2657.80,-,-,-,225.00,-,24565.35
NIFTY,01-Aug-2025,07-Aug-2025,PE,25550.00,820.40,997.45,820.40,989.35,983.40,989.35,60.00,1190.33,40.58,18000.00,150.00,24565.35
NIFTY,01-Aug-2025,07-Aug-2025,PE,23350.00,3.55,4.35,2.70,3.65,3.70,3.65,58805.00,1029959.89,137.33,276825.00,119325.00,24565.35
NIFTY,01-Aug-2025,07-Aug-2025,PE,24900.00,224.85,391.00,206.50,353.40,373.10,353.40,272480.00,5144143.66,55579.66,1662675.00,-445650.00,24565.35
NIFTY,01-Aug-2025,07-Aug-2025,PE,27000.00,2300.00,2428.15,2213.60,2415.45,2425.85,2415.45,23.00,505.82,40.07,6525.00,525.00,24565.35
NIFTY,01-Aug-2025,07-Aug-2025,PE,25600.00,875.25,1059.00,811.00,1034.40,1032.10,1034.40,263.00,5231.55,181.95,85650.00,-1650.00,24565.35
NIFTY,01-Aug-2025,07-Aug-2025,PE,25750.00,996.60,1120.30,980.00,1119.70,1119.70,1161.70,14.00,281.69,11.31,11025.00,75.00,24565.35
NIFTY,01-Aug-2025,07-Aug-2025,PE,26500.00,1795.00,1945.95,1795.00,1942.15,1945.95,1942.15,34.00,723.41,47.66,15450.00,450.00,24565.35
NIFTY,01-Aug-2025,07-Aug-2025,PE,25850.00,-,-,-,993.00,993.00,1260.60,-,-,-,825.00,-,24565.35
NIFTY,01-Aug-2025,07-Aug-2025,PE,24250.00,30.30,56.70,19.15,49.10,48.50,49.10,601974.00,10963493.80,15091.67,1251900.00,844350.00,24565.35
NIFTY,01-Aug-2025,07-Aug-2025,PE,26600.00,-,-,-,1788.80,1789.45,2008.45,-,-,-,1125.00,-,24565.35
NIFTY,01-Aug-2025,07-Aug-2025,PE,24700.00,126.00,241.85,106.70,213.45,226.30,213.45,3623841.00,67548802.62,417148.10,3490875.00,312825.00,24565.35
NIFTY,01-Aug-2025,07-Aug-2025,PE,27150.00,-,-,-,2340.80,2340.50,2557.90,-,-,-,525.00,-,24565.35
NIFTY,01-Aug-2025,07-Aug-2025,PE,24600.00,92.00,183.35,73.30,157.20,166.80,157.20,3136571.00,58146969.47,277234.52,3952125.00,882075.00,24565.35
NIFTY,01-Aug-2025,07-Aug-2025,PE,25500.00,747.15,954.80,713.70,923.30,935.35,923.30,1873.00,36979.85,1158.72,307725.00,-10650.00,24565.35
NIFTY,01-Aug-2025,07-Aug-2025,PE,24400.00,55.00,96.20,33.10,83.95,84.20,83.95,1543339.00,28310753.61,67649.91,2750175.00,982950.00,24565.35
NIFTY,01-Aug-2025,07-Aug-2025,PE,23650.00,5.80,8.05,4.20,7.10,6.80,7.10,138385.00,2455177.89,573.95,335175.00,209625.00,24565.35
NIFTY,01-Aug-2025,07-Aug-2025,PE,25350.00,637.75,806.45,566.85,787.10,795.85,787.10,266.00,5192.97,135.65,29400.00,-225.00,24565.35
NIFTY,01-Aug-2025,07-Aug-2025,PE,23850.00,9.20,14.40,6.45,12.45,10.60,12.45,186399.00,3335540.46,1328.35,658200.00,439725.00,24565.35
NIFTY,01-Aug-2025,07-Aug-2025,PE,26100.00,1396.20,1444.45,1315.00,1444.20,1444.20,1509.25,27.00,556.68,28.16,2325.00,-75.00,24565.35
NIFTY,01-Aug-2025,07-Aug-2025,PE,24750.00,150.00,275.40,127.45,246.65,257.95,246.65,1619041.00,30262232.05,208783.49,1008450.00,-33900.00,24565.35
NIFTY,01-Aug-2025,07-Aug-2025,PE,27100.00,-,-,-,2289.25,2288.85,2507.95,-,-,-,450.00,-,24565.35
NIFTY,01-Aug-2025,07-Aug-2025,PE,25800.00,1065.00,1255.50,1030.00,1244.75,1255.50,1244.75,134.00,2708.50,115.60,44850.00,900.00,24565.35
NIFTY,01-Aug-2025,07-Aug-2025,PE,25000.00,282.00,478.75,272.30,448.20,459.00,448.20,167090.00,3176895.31,43957.81,1501650.00,-258450.00,24565.35
NIFTY,01-Aug-2025,07-Aug-2025,PE,26150.00,-,-,-,1281.65,1281.65,1559.10,-,-,-,300.00,-,24565.35
NIFTY,01-Aug-2025,07-Aug-2025,PE,26400.00,-,-,-,1599.00,1599.00,1808.70,-,-,-,900.00,-,24565.35
NIFTY,01-Aug-2025,07-Aug-2025,PE,27200.00,-,-,-,2390.10,2389.80,2607.85,-,-,-,6000.00,-,24565.35
NIFTY,01-Aug-2025,07-Aug-2025,PE,24950.00,273.15,433.35,239.00,407.10,417.75,407.10,41069.00,777903.17,9399.51,215325.00,-79050.00,24565.35
NIFTY,01-Aug-2025,07-Aug-2025,PE,26700.00,2010.95,2182.00,2010.00,2182.00,2182.00,2182.00,4.00,86.28,6.18,2625.00,75.00,24565.35
NIFTY,01-Aug-2025,07-Aug-2025,PE,26050.00,-,-,-,1250.00,1250.00,1459.45,-,-,-,525.00,-,24565.35
NIFTY,01-Aug-2025,07-Aug-2025,PE,23150.00,2.90,3.45,2.05,2.70,3.20,2.70,59002.00,1024529.80,107.57,235200.00,51450.00,24565.35
NIFTY,01-Aug-2025,07-Aug-2025,PE,26950.00,-,-,-,2141.45,2141.30,2358.10,-,-,-,450.00,-,24565.35
NIFTY,01-Aug-2025,07-Aug-2025,PE,24100.00,23.85,32.80,11.15,28.45,27.55,28.45,576975.00,10437677.30,8854.18,2443950.00,989775.00,24565.35
NIFTY,01-Aug-2025,07-Aug-2025,PE,26200.00,1509.00,1509.00,1455.00,1464.80,1464.80,1609.00,7.00,145.27,7.72,4650.00,-,24565.35
NIFTY,01-Aug-2025,07-Aug-2025,PE,23050.00,2.65,3.15,1.95,2.45,2.65,2.45,47036.00,813212.21,77.36,101025.00,25650.00,24565.35
NIFTY,01-Aug-2025,07-Aug-2025,PE,24850.00,211.95,351.20,176.20,321.40,333.70,321.40,228340.00,4295369.32,39682.57,518250.00,-480300.00,24565.35
NIFTY,01-Aug-2025,07-Aug-2025,PE,24150.00,20.30,39.15,13.85,34.20,33.40,34.20,439030.00,7959851.18,7920.30,1194225.00,867300.00,24565.35
NIFTY,01-Aug-2025,07-Aug-2025,PE,23200.00,2.65,3.65,2.20,2.90,3.15,2.90,164393.00,2860753.51,315.31,1506900.00,920325.00,24565.35
NIFTY,01-Aug-2025,07-Aug-2025,PE,23900.00,9.00,16.80,7.15,14.50,14.20,14.50,341730.00,6128279.20,2768.95,1605225.00,632625.00,24565.35
NIFTY,01-Aug-2025,07-Aug-2025,PE,26800.00,-,-,-,1991.85,1991.65,2208.25,-,-,-,750.00,-,24565.35
NIFTY,01-Aug-2025,07-Aug-2025,PE,23750.00,4.65,10.60,4.65,9.40,9.10,9.40,144089.00,2567360.73,775.41,484575.00,300450.00,24565.35
NIFTY,01-Aug-2025,07-Aug-2025,PE,23500.00,4.00,5.80,3.50,5.00,5.00,5.00,454626.00,8014204.99,1421.74,6146475.00,2130300.00,24565.35
NIFTY,01-Aug-2025,07-Aug-2025,PE,26450.00,-,-,-,1604.10,1606.80,1858.65,-,-,-,1050.00,-,24565.35
NIFTY,01-Aug-2025,07-Aug-2025,PE,24450.00,54.90,114.70,40.35,98.90,101.20,98.90,936192.00,17216578.58,49157.78,1080975.00,537975.00,24565.35
NIFTY,01-Aug-2025,07-Aug-2025,PE,25150.00,454.95,616.10,390.00,582.10,597.30,582.10,2378.00,45709.31,854.28,74100.00,-12750.00,24565.35
NIFTY,04-Aug-2025,07-Aug-2025,PE,23750.00,5.05,6.85,2.80,3.30,2.80,3.30,252716.00,4502325.84,822.09,1381650.00,897075.00,24722.75
NIFTY,04-Aug-2025,07-Aug-2025,PE,26200.00,-,-,-,1464.80,1464.80,1464.40,-,-,-,4650.00,-,24722.75
NIFTY,04-Aug-2025,07-Aug-2025,PE,25250.00,645.05,680.00,513.40,529.35,515.30,529.35,542.00,10492.85,228.72,69600.00,-14325.00,24722.75
NIFTY,04-Aug-2025,07-Aug-2025,PE,25650.00,1018.00,1018.00,907.75,923.85,907.75,923.85,17.00,338.99,11.95,3150.00,-450.00,24722.75
NIFTY,04-Aug-2025,07-Aug-2025,PE,25050.00,483.05,492.15,329.80,341.85,332.05,341.85,5193.00,99063.32,1499.84,86850.00,5025.00,24722.75
NIFTY,04-Aug-2025,07-Aug-2025,PE,26500.00,1825.00,1825.00,1755.45,1755.45,1755.45,1755.45,6.00,127.26,8.01,15750.00,300.00,24722.75
NIFTY,04-Aug-2025,07-Aug-2025,PE,26750.00,-,-,-,1943.05,1943.05,2014.10,-,-,-,450.00,-,24722.75
NIFTY,04-Aug-2025,07-Aug-2025,PE,26600.00,1744.10,1744.10,1744.10,1744.10,1744.10,1864.20,2.00,42.52,2.62,1275.00,150.00,24722.75
NIFTY,04-Aug-2025,07-Aug-2025,PE,24200.00,37.00,37.00,10.40,12.50,10.70,12.50,930282.00,16898657.22,14038.92,4649700.00,-1605675.00,24722.75
NIFTY,04-Aug-2025,07-Aug-2025,PE,23850.00,9.80,9.80,3.55,4.25,3.55,4.25,183437.00,3282040.81,811.48,739050.00,80850.00,24722.75
NIFTY,04-Aug-2025,07-Aug-2025,PE,27050.00,-,-,-,2241.20,2241.35,2313.95,-,-,-,450.00,-,24722.75
NIFTY,04-Aug-2025,07-Aug-2025,PE,23900.00,10.45,11.60,4.00,4.80,4.00,4.80,379798.00,6809815.86,1936.71,2569125.00,963900.00,24722.75
NIFTY,04-Aug-2025,07-Aug-2025,PE,23550.00,5.90,5.90,2.10,2.30,2.15,2.30,87503.00,1545702.56,180.82,542175.00,260625.00,24722.75
NIFTY,04-Aug-2025,07-Aug-2025,PE,23800.00,7.00,8.00,3.20,3.80,3.20,3.80,494998.00,8837522.74,1808.44,4466100.00,1850625.00,24722.75
NIFTY,04-Aug-2025,07-Aug-2025,PE,27150.00,-,-,-,2340.80,2340.50,2413.90,-,-,-,525.00,-,24722.75
NIFTY,04-Aug-2025,07-Aug-2025,PE,23200.00,2.35,2.35,1.35,1.55,1.35,1.55,122079.00,2124335.85,161.25,1142250.00,-364650.00,24722.75
NIFTY,04-Aug-2025,07-Aug-2025,PE,26550.00,-,-,-,1718.45,1740.00,1814.20,-,-,-,1575.00,-,24722.75
NIFTY,04-Aug-2025,07-Aug-2025,PE,25400.00,801.60,828.60,660.00,673.30,664.35,673.30,536.00,10495.29,284.49,129975.00,-11025.00,24722.75
NIFTY,04-Aug-2025,07-Aug-2025,PE,25100.00,524.90,543.65,374.35,380.40,377.70,380.40,9534.00,182481.21,3003.66,429300.00,12600.00,24722.75
NIFTY,04-Aug-2025,07-Aug-2025,PE,23450.00,4.60,4.60,1.80,2.00,1.80,2.00,70080.00,1232652.13,120.13,552675.00,234900.00,24722.75
NIFTY,04-Aug-2025,07-Aug-2025,PE,24050.00,22.00,22.00,6.15,7.35,6.30,7.35,327938.00,5917911.38,2729.71,1873950.00,1192125.00,24722.75
NIFTY,04-Aug-2025,07-Aug-2025,PE,25200.00,611.05,643.45,464.25,477.80,472.35,477.80,5331.00,102833.33,2077.43,359175.00,-51450.00,24722.75
NIFTY,04-Aug-2025,07-Aug-2025,PE,26900.00,-,-,-,2091.55,2091.40,2164.05,-,-,-,450.00,-,24722.75
NIFTY,04-Aug-2025,07-Aug-2025,PE,23300.00,3.20,3.20,1.50,1.65,1.60,1.65,193056.00,3373934.40,280.80,1550175.00,-428475.00,24722.75
NIFTY,04-Aug-2025,07-Aug-2025,PE,23650.00,6.50,6.50,2.35,2.75,2.45,2.75,110120.00,1953533.95,280.45,728400.00,393225.00,24722.75
NIFTY,04-Aug-2025,07-Aug-2025,PE,26800.00,-,-,-,1991.85,1991.65,2064.10,-,-,-,750.00,-,24722.75
NIFTY,04-Aug-2025,07-Aug-2025,PE,26950.00,-,-,-,2141.45,2141.30,2214.00,-,-,-,450.00,-,24722.75
NIFTY,04-Aug-2025,07-Aug-2025,PE,24700.00,219.90,219.90,93.30,103.65,95.65,103.65,2538348.00,47275426.73,252530.03,6441375.00,2950500.00,24722.75
NIFTY,04-Aug-2025,07-Aug-2025,PE,26850.00,-,-,-,2044.55,2044.55,2114.05,-,-,-,375.00,-,24722.75
NIFTY,04-Aug-2025,07-Aug-2025,PE,25600.00,1005.00,1005.00,851.45,876.50,869.30,876.50,221.00,4395.34,152.14,78675.00,-6975.00,24722.75
NIFTY,04-Aug-2025,07-Aug-2025,PE,25900.00,1250.05,1315.45,1168.65,1172.10,1172.10,1164.60,29.00,590.21,26.88,13200.00,-825.00,24722.75
NIFTY,04-Aug-2025,07-Aug-2025,PE,23400.00,3.50,3.50,1.65,1.80,1.70,1.80,282597.00,4960027.17,449.82,2958525.00,635625.00,24722.75
NIFTY,04-Aug-2025,07-Aug-2025,PE,24650.00,172.95,184.70,74.35,83.75,76.40,83.75,2041598.00,37924629.82,180586.80,3829350.00,2517825.00,24722.75
NIFTY,04-Aug-2025,07-Aug-2025,PE,23700.00,5.35,5.80,2.20,3.05,2.20,3.05,411073.00,7307993.70,1171.13,3683175.00,1950900.00,24722.75
NIFTY,04-Aug-2025,07-Aug-2025,PE,22850.00,1.35,1.40,0.95,1.15,1.00,1.15,54152.00,928076.45,46.55,794325.00,794325.00,24722.75
NIFTY,04-Aug-2025,07-Aug-2025,PE,24100.00,23.95,24.75,7.30,8.75,7.70,8.75,623500.00,11276045.79,6283.29,3671175.00,1227225.00,24722.75
NIFTY,04-Aug-2025,07-Aug-2025,PE,26450.00,-,-,-,1604.10,1606.80,1714.25,-,-,-,1050.00,-,24722.75
NIFTY,04-Aug-2025,07-Aug-2025,PE,25550.00,882.00,969.50,815.75,825.25,815.75,825.25,94.00,1861.66,60.39,17175.00,-825.00,24722.75
NIFTY,04-Aug-2025,07-Aug-2025,PE,25500.00,870.05,925.00,755.00,770.35,763.50,770.35,1055.00,20814.79,637.91,306075.00,-1650.00,24722.75
NIFTY,04-Aug-2025,07-Aug-2025,PE,23000.00,2.10,2.10,1.15,1.40,1.20,1.40,226478.00,3906991.80,246.30,4444500.00,-86925.00,24722.75
NIFTY,04-Aug-2025,07-Aug-2025,PE,24600.00,151.20,157.90,59.00,67.15,60.80,67.15,3090195.00,57247617.85,233520.10,7823625.00,3871500.00,24722.75
NIFTY,04-Aug-2025,07-Aug-2025,PE,26100.00,-,-,-,1444.20,1444.20,1364.45,-,-,-,2325.00,-,24722.75
NIFTY,04-Aug-2025,07-Aug-2025,PE,27100.00,-,-,-,2289.25,2288.85,2363.95,-,-,-,450.00,-,24722.75
NIFTY,04-Aug-2025,07-Aug-2025,PE,25850.00,1231.65,1231.65,1126.25,1126.25,1126.25,1126.25,9.00,182.38,7.90,900.00,75.00,24722.75
NIFTY,04-Aug-2025,07-Aug-2025,PE,27250.00,-,-,-,2442.95,2442.95,2513.85,-,-,-,225.00,-,24722.75
NIFTY,04-Aug-2025,07-Aug-2025,PE,23150.00,3.15,3.15,1.35,1.55,1.35,1.55,43018.00,746952.71,52.68,344700.00,109500.00,24722.75
NIFTY,04-Aug-2025,07-Aug-2025,PE,24850.00,294.15,322.15,174.10,185.65,176.45,185.65,109044.00,2050194.75,17887.20,513600.00,-4650.00,24722.75
NIFTY,04-Aug-2025,07-Aug-2025,PE,25350.00,688.80,764.60,610.55,624.95,616.25,624.95,94.00,1834.81,47.63,27525.00,-1875.00,24722.75
NIFTY,04-Aug-2025,07-Aug-2025,PE,23950.00,16.80,16.80,4.50,5.50,4.75,5.50,244867.00,4399972.22,1548.73,1000500.00,364200.00,24722.75
NIFTY,04-Aug-2025,07-Aug-2025,PE,24150.00,31.00,31.00,8.70,10.50,9.35,10.50,399885.00,7247869.33,4952.27,1883100.00,688875.00,24722.75
NIFTY,04-Aug-2025,07-Aug-2025,PE,22800.00,1.70,1.75,0.90,1.15,0.90,1.15,177149.00,3029397.73,149.83,3160275.00,3160275.00,24722.75
NIFTY,04-Aug-2025,07-Aug-2025,PE,24300.00,39.85,53.40,15.50,18.40,16.10,18.40,1116403.00,20371034.93,24590.26,4577550.00,990600.00,24722.75
NIFTY,04-Aug-2025,07-Aug-2025,PE,23100.00,2.00,2.25,1.25,1.45,1.25,1.45,67516.00,1169794.01,79.31,722175.00,-207675.00,24722.75
NIFTY,04-Aug-2025,07-Aug-2025,PE,23500.00,4.45,4.45,2.00,2.20,2.10,2.20,534032.00,9413324.67,1010.67,9769200.00,3622725.00,24722.75
NIFTY,04-Aug-2025,07-Aug-2025,PE,22900.00,1.70,1.85,1.05,1.30,1.10,1.30,54926.00,943406.86,52.81,1170975.00,1170975.00,24722.75
NIFTY,04-Aug-2025,07-Aug-2025,PE,24400.00,78.20,78.20,23.70,27.80,24.70,27.80,1343810.00,24635945.35,44222.35,4707075.00,1956900.00,24722.75
NIFTY,04-Aug-2025,07-Aug-2025,PE,24250.00,28.00,44.10,12.75,15.15,13.10,15.15,474095.00,8631324.34,8721.53,1664100.00,412200.00,24722.75
NIFTY,04-Aug-2025,07-Aug-2025,PE,22950.00,2.05,4.00,1.10,1.30,1.15,1.30,87224.00,1501432.92,89.82,2776575.00,-273600.00,24722.75
NIFTY,04-Aug-2025,07-Aug-2025,PE,25800.00,1136.00,1220.00,1060.10,1070.25,1060.10,1070.25,25.00,504.95,21.20,44625.00,-225.00,24722.75
NIFTY,04-Aug-2025,07-Aug-2025,PE,25750.00,1131.30,1131.30,1020.40,1026.15,1026.15,1026.15,9.00,180.90,7.09,11100.00,75.00,24722.75
NIFTY,04-Aug-2025,07-Aug-2025,PE,26250.00,-,-,-,1379.00,1379.00,1514.35,-,-,-,525.00,-,24722.75
NIFTY,04-Aug-2025,07-Aug-2025,PE,26400.00,-,-,-,1599.00,1599.00,1664.30,-,-,-,900.00,-,24722.75
NIFTY,04-Aug-2025,07-Aug-2025,PE,26350.00,-,-,-,1479.00,1479.00,1614.30,-,-,-,300.00,-,24722.75
NIFTY,04-Aug-2025,07-Aug-2025,PE,24900.00,290.00,362.60,208.60,220.40,211.60,220.40,161977.00,3056822.26,31901.78,1380375.00,-282300.00,24722.75
NIFTY,04-Aug-2025,07-Aug-2025,PE,26000.00,1369.00,1422.95,1257.95,1264.40,1257.95,1264.40,496.00,10157.72,485.72,129150.00,-21750.00,24722.75
NIFTY,04-Aug-2025,07-Aug-2025,PE,24350.00,65.20,65.20,19.15,22.65,19.60,22.65,739264.00,13520296.99,19488.19,2412750.00,954675.00,24722.75
NIFTY,04-Aug-2025,07-Aug-2025,PE,25450.00,837.00,876.15,711.40,723.90,715.00,723.90,55.00,1081.19,31.38,14325.00,-1275.00,24722.75
NIFTY,04-Aug-2025,07-Aug-2025,PE,27000.00,2323.00,2323.00,2254.05,2254.05,2254.05,2254.05,7.00,153.82,12.07,6300.00,-225.00,24722.75
NIFTY,04-Aug-2025,07-Aug-2025,PE,23250.00,2.30,2.60,1.45,1.60,1.55,1.60,36664.00,639378.69,50.19,229500.00,-31950.00,24722.75
NIFTY,04-Aug-2025,07-Aug-2025,PE,23350.00,3.65,3.65,1.60,1.75,1.60,1.75,53420.00,935599.03,81.28,344475.00,67650.00,24722.75
NIFTY,04-Aug-2025,07-Aug-2025,PE,25300.00,719.05,736.40,560.00,578.75,566.45,578.75,2003.00,38946.32,939.40,204900.00,-41700.00,24722.75
NIFTY,04-Aug-2025,07-Aug-2025,PE,25950.00,1263.95,1263.95,1226.20,1226.25,1226.25,1214.55,3.00,61.17,2.79,675.00,75.00,24722.75
NIFTY,04-Aug-2025,07-Aug-2025,PE,24750.00,200.00,248.00,116.00,127.95,119.15,127.95,772193.00,14422923.68,89091.12,1966500.00,958050.00,24722.75
NIFTY,04-Aug-2025,07-Aug-2025,PE,24000.00,14.85,16.95,5.40,6.45,5.60,6.45,945240.00,17021197.71,6877.71,8189475.00,2581425.00,24722.75
NIFTY,04-Aug-2025,07-Aug-2025,PE,23050.00,1.35,2.20,1.25,1.40,1.25,1.40,30637.00,529671.50,34.37,153825.00,52800.00,24722.75
NIFTY,04-Aug-2025,07-Aug-2025,PE,25150.00,535.95,583.40,419.70,430.75,423.05,430.75,928.00,17834.82,330.42,63075.00,-11025.00,24722.75
NIFTY,04-Aug-2025,07-Aug-2025,PE,24800.00,257.00,284.00,142.75,155.20,145.35,155.20,664479.00,12453958.67,94649.27,3064350.00,448650.00,24722.75
NIFTY,04-Aug-2025,07-Aug-2025,PE,25700.00,1071.80,1096.75,958.75,968.80,965.85,968.80,64.00,1281.74,48.14,44325.00,-1050.00,24722.75
NIFTY,04-Aug-2025,07-Aug-2025,PE,24500.00,112.20,113.95,37.25,43.30,38.75,43.30,2169122.00,39966143.91,108527.16,7264050.00,2911125.00,24722.75
NIFTY,04-Aug-2025,07-Aug-2025,PE,26700.00,1952.20,1952.20,1952.20,1952.20,1952.20,1952.20,1.00,21.49,1.46,2700.00,75.00,24722.75
NIFTY,04-Aug-2025,07-Aug-2025,PE,26300.00,-,-,-,1643.55,1643.55,1564.35,-,-,-,3825.00,-,24722.75
NIFTY,04-Aug-2025,07-Aug-2025,PE,26150.00,-,-,-,1281.65,1281.65,1414.40,-,-,-,300.00,-,24722.75
NIFTY,04-Aug-2025,07-Aug-2025,PE,26650.00,-,-,-,1844.85,1844.55,1914.15,-,-,-,600.00,-,24722.75
NIFTY,04-Aug-2025,07-Aug-2025,PE,23600.00,5.25,5.25,2.15,2.50,2.15,2.50,323203.00,5721420.13,727.03,3213600.00,1779750.00,24722.75
NIFTY,04-Aug-2025,07-Aug-2025,PE,24550.00,132.20,136.00,47.00,53.90,48.05,53.90,1304482.00,24101406.55,82631.73,2778525.00,1426125.00,24722.75
NIFTY,04-Aug-2025,07-Aug-2025,PE,24950.00,381.25,404.35,245.75,258.20,249.15,258.20,18099.00,342727.81,4050.27,209100.00,-6225.00,24722.75
NIFTY,04-Aug-2025,07-Aug-2025,PE,24450.00,85.00,94.25,29.65,34.50,30.40,34.50,809502.00,14877309.56,33066.63,2269050.00,1188075.00,24722.75
NIFTY,04-Aug-2025,07-Aug-2025,PE,26050.00,-,-,-,1250.00,1250.00,1314.45,-,-,-,525.00,-,24722.75
NIFTY,04-Aug-2025,07-Aug-2025,PE,25000.00,409.95,449.20,286.40,298.40,289.00,298.40,96959.00,1842591.30,24610.05,1405200.00,-96450.00,24722.75
NIFTY,04-Aug-2025,07-Aug-2025,PE,27200.00,-,-,-,2390.10,2389.80,2463.90,-,-,-,6000.00,-,24722.75
NIFTY,05-Aug-2025,07-Aug-2025,PE,25750.00,-,-,-,1026.15,1026.15,1092.05,-,-,-,11100.00,-,24649.55
NIFTY,05-Aug-2025,07-Aug-2025,PE,24950.00,277.10,368.15,262.95,309.70,304.15,309.70,14724.00,279092.65,3569.80,169275.00,-39825.00,24649.55
NIFTY,05-Aug-2025,07-Aug-2025,PE,26050.00,-,-,-,1250.00,1250.00,1391.90,-,-,-,525.00,-,24649.55
NIFTY,05-Aug-2025,07-Aug-2025,PE,25400.00,698.60,805.95,698.60,745.65,739.65,745.65,397.00,7791.63,228.78,124875.00,-5100.00,24649.55
NIFTY,05-Aug-2025,07-Aug-2025,PE,24750.00,130.55,200.50,122.70,149.60,141.90,149.60,644099.00,12034879.37,78791.69,1128975.00,-837525.00,24649.55
NIFTY,05-Aug-2025,07-Aug-2025,PE,26850.00,-,-,-,2044.55,2044.55,2191.65,-,-,-,375.00,-,24649.55
NIFTY,05-Aug-2025,07-Aug-2025,PE,26500.00,1862.00,1877.00,1849.65,1849.65,1849.65,1841.75,7.00,148.90,9.77,15750.00,-,24649.55
NIFTY,05-Aug-2025,07-Aug-2025,PE,24200.00,11.20,16.35,5.20,6.20,5.50,6.20,904049.00,16415300.12,6810.77,4906350.00,256650.00,24649.55
NIFTY,05-Aug-2025,07-Aug-2025,PE,25850.00,-,-,-,1126.25,1126.25,1192.00,-,-,-,900.00,-,24649.55
NIFTY,05-Aug-2025,07-Aug-2025,PE,25950.00,1258.00,1346.10,1258.00,1346.00,1346.00,1291.95,6.00,122.77,5.99,750.00,75.00,24649.55
NIFTY,05-Aug-2025,07-Aug-2025,PE,25200.00,499.95,610.30,490.85,551.40,542.00,551.40,3354.00,64800.31,1409.71,322575.00,-36600.00,24649.55
NIFTY,05-Aug-2025,07-Aug-2025,PE,25500.00,798.10,909.00,798.10,846.85,839.60,846.85,1057.00,20893.92,678.79,296325.00,-9750.00,24649.55
NIFTY,05-Aug-2025,07-Aug-2025,PE,27000.00,2370.00,2395.00,2323.80,2343.35,2344.65,2343.35,19.00,418.47,33.72,6525.00,225.00,24649.55
NIFTY,05-Aug-2025,07-Aug-2025,PE,26300.00,1649.65,1702.55,1649.65,1702.40,1702.40,1641.85,9.00,188.86,11.34,3750.00,-75.00,24649.55
NIFTY,05-Aug-2025,07-Aug-2025,PE,26950.00,-,-,-,2141.45,2141.30,2291.65,-,-,-,450.00,-,24649.55
NIFTY,05-Aug-2025,07-Aug-2025,PE,24050.00,6.20,8.45,2.70,3.20,2.85,3.20,328806.00,5932059.77,1221.54,1759875.00,-114075.00,24649.55
NIFTY,05-Aug-2025,07-Aug-2025,PE,23150.00,1.20,1.55,0.60,0.80,0.75,0.80,34750.00,603376.42,29.55,342300.00,-2400.00,24649.55
NIFTY,05-Aug-2025,07-Aug-2025,PE,23800.00,3.00,3.55,1.35,1.60,1.60,1.60,462983.00,8265096.13,849.58,3937950.00,-528150.00,24649.55
NIFTY,05-Aug-2025,07-Aug-2025,PE,26250.00,-,-,-,1379.00,1379.00,1591.85,-,-,-,525.00,-,24649.55
NIFTY,05-Aug-2025,07-Aug-2025,PE,27200.00,-,-,-,2390.10,2389.80,2541.55,-,-,-,6000.00,-,24649.55
NIFTY,05-Aug-2025,07-Aug-2025,PE,22800.00,0.90,1.35,0.45,0.55,0.50,0.55,137012.00,2343001.94,96.74,3561675.00,401400.00,24649.55
NIFTY,05-Aug-2025,07-Aug-2025,PE,27100.00,-,-,-,2289.25,2288.85,2441.60,-,-,-,450.00,-,24649.55
NIFTY,05-Aug-2025,07-Aug-2025,PE,26450.00,1799.35,1839.70,1799.35,1839.70,1839.70,1791.80,6.00,127.21,8.19,1050.00,-,24649.55
NIFTY,05-Aug-2025,07-Aug-2025,PE,24650.00,72.55,136.00,72.55,90.00,84.00,90.00,2440478.00,45313785.22,195448.20,4135050.00,305700.00,24649.55
NIFTY,05-Aug-2025,07-Aug-2025,PE,24800.00,156.80,237.95,150.05,185.30,178.45,185.30,674810.00,12652761.76,101295.76,1875225.00,-1189125.00,24649.55
NIFTY,05-Aug-2025,07-Aug-2025,PE,23850.00,3.70,4.10,1.55,1.80,1.65,1.80,211235.00,3778900.98,434.92,1431525.00,692475.00,24649.55
NIFTY,05-Aug-2025,07-Aug-2025,PE,25300.00,605.40,706.60,590.45,640.95,641.40,640.95,1024.00,19933.25,502.85,184650.00,-20250.00,24649.55
NIFTY,05-Aug-2025,07-Aug-2025,PE,23000.00,1.10,1.50,0.60,0.70,0.65,0.70,144505.00,2492827.38,116.13,4380750.00,-63750.00,24649.55
NIFTY,05-Aug-2025,07-Aug-2025,PE,23450.00,1.85,1.85,0.85,1.00,0.85,1.00,46187.00,812361.57,47.70,448275.00,-104400.00,24649.55
NIFTY,05-Aug-2025,07-Aug-2025,PE,22950.00,1.30,1.40,0.50,0.70,0.55,0.70,45383.00,781189.69,34.80,2113050.00,-663525.00,24649.55
NIFTY,05-Aug-2025,07-Aug-2025,PE,23600.00,1.90,2.20,1.10,1.20,1.15,1.20,250195.00,4428765.87,314.37,4171725.00,958125.00,24649.55
NIFTY,05-Aug-2025,07-Aug-2025,PE,24250.00,13.10,20.80,6.95,8.35,7.20,8.35,537032.00,9772406.63,5137.13,1862325.00,198225.00,24649.55
NIFTY,05-Aug-2025,07-Aug-2025,PE,25700.00,1000.00,1097.05,1000.00,1043.75,1040.00,1043.75,141.00,2830.27,112.49,35625.00,-8700.00,24649.55
NIFTY,05-Aug-2025,07-Aug-2025,PE,24300.00,26.00,26.65,9.15,10.70,9.55,10.70,1002957.00,18291527.58,12636.25,4464075.00,-113475.00,24649.55
NIFTY,05-Aug-2025,07-Aug-2025,PE,23550.00,1.95,2.20,0.95,1.10,0.95,1.10,66677.00,1177754.92,72.41,730875.00,188700.00,24649.55
NIFTY,05-Aug-2025,07-Aug-2025,PE,25000.00,320.00,416.15,304.00,357.05,348.80,357.05,73069.00,1390241.07,20197.32,1235625.00,-169575.00,24649.55
NIFTY,05-Aug-2025,07-Aug-2025,PE,24850.00,199.05,277.75,185.65,223.15,216.80,223.15,94990.00,1787177.03,16800.91,365400.00,-148200.00,24649.55
NIFTY,05-Aug-2025,07-Aug-2025,PE,25650.00,940.05,1055.55,940.00,991.50,994.70,991.50,80.00,1598.99,59.99,3300.00,150.00,24649.55
NIFTY,05-Aug-2025,07-Aug-2025,PE,27050.00,-,-,-,2241.20,2241.35,2391.60,-,-,-,450.00,-,24649.55
NIFTY,05-Aug-2025,07-Aug-2025,PE,24550.00,48.00,88.25,44.90,50.95,46.50,50.95,1458186.00,26920587.99,71738.27,3284775.00,506250.00,24649.55
NIFTY,05-Aug-2025,07-Aug-2025,PE,26750.00,-,-,-,1943.05,1943.05,2091.70,-,-,-,450.00,-,24649.55
NIFTY,05-Aug-2025,07-Aug-2025,PE,22850.00,1.00,1.35,0.45,0.60,0.50,0.60,35364.00,606074.99,24.44,821100.00,26775.00,24649.55
NIFTY,05-Aug-2025,07-Aug-2025,PE,25900.00,1290.00,1306.00,1237.00,1243.50,1237.00,1243.50,8.00,163.05,7.65,12975.00,-225.00,24649.55
NIFTY,05-Aug-2025,07-Aug-2025,PE,25800.00,1120.45,1204.55,1120.00,1141.40,1140.00,1141.40,117.00,2365.12,101.17,39150.00,-5475.00,24649.55
NIFTY,05-Aug-2025,07-Aug-2025,PE,26900.00,-,-,-,2091.55,2091.40,2241.65,-,-,-,450.00,-,24649.55
NIFTY,05-Aug-2025,07-Aug-2025,PE,24350.00,20.40,33.90,12.45,14.50,12.80,14.50,661354.00,12088911.03,10933.61,2477775.00,65025.00,24649.55
NIFTY,05-Aug-2025,07-Aug-2025,PE,26400.00,1756.70,1770.90,1756.70,1770.90,1770.90,1741.80,3.00,63.37,3.97,900.00,-,24649.55
NIFTY,05-Aug-2025,07-Aug-2025,PE,25350.00,655.95,756.00,655.95,695.70,695.00,695.70,321.00,6271.49,168.48,28275.00,750.00,24649.55
NIFTY,05-Aug-2025,07-Aug-2025,PE,23250.00,1.40,1.55,0.65,0.80,0.70,0.80,30948.00,539681.65,25.90,257400.00,27900.00,24649.55
NIFTY,05-Aug-2025,07-Aug-2025,PE,23500.00,1.75,1.95,0.95,1.10,1.05,1.10,386723.00,6816415.16,422.29,7848525.00,-1920675.00,24649.55
NIFTY,05-Aug-2025,07-Aug-2025,PE,26000.00,1295.00,1405.00,1291.30,1342.65,1341.00,1342.65,789.00,16187.21,801.71,114375.00,-14775.00,24649.55
NIFTY,05-Aug-2025,07-Aug-2025,PE,24500.00,41.00,70.20,33.05,37.85,34.20,37.85,2279232.00,41966613.47,85725.47,8463525.00,1199475.00,24649.55
NIFTY,05-Aug-2025,07-Aug-2025,PE,24150.00,9.00,13.10,4.10,4.90,4.45,4.90,430625.00,7802271.89,2576.58,1924275.00,41175.00,24649.55
NIFTY,05-Aug-2025,07-Aug-2025,PE,25150.00,445.25,559.10,445.25,495.85,493.20,495.85,804.00,15472.65,307.20,60075.00,-3000.00,24649.55
NIFTY,05-Aug-2025,07-Aug-2025,PE,26700.00,2050.40,2091.80,2050.40,2091.80,2091.80,2041.70,5.00,107.86,7.73,2700.00,-,24649.55
NIFTY,05-Aug-2025,07-Aug-2025,PE,25050.00,354.35,462.25,352.60,408.40,396.10,408.40,4155.00,79378.85,1316.78,64425.00,-22425.00,24649.55
NIFTY,05-Aug-2025,07-Aug-2025,PE,24100.00,7.00,10.50,3.25,3.90,3.50,3.90,567348.00,10257517.44,2702.34,3967500.00,296325.00,24649.55
NIFTY,05-Aug-2025,07-Aug-2025,PE,26350.00,-,-,-,1479.00,1479.00,1691.80,-,-,-,300.00,-,24649.55
NIFTY,05-Aug-2025,07-Aug-2025,PE,25250.00,553.45,658.35,550.35,594.75,592.85,594.75,265.00,5140.16,121.72,66375.00,-3225.00,24649.55
NIFTY,05-Aug-2025,07-Aug-2025,PE,23050.00,1.20,1.45,0.55,0.75,0.65,0.75,23261.00,402141.83,17.29,121275.00,-32550.00,24649.55
NIFTY,05-Aug-2025,07-Aug-2025,PE,23100.00,1.25,1.50,0.60,0.75,0.60,0.75,41622.00,721134.82,33.67,502725.00,-219450.00,24649.55
NIFTY,05-Aug-2025,07-Aug-2025,PE,26550.00,1899.65,1899.65,1899.65,1899.65,1899.65,1891.75,3.00,64.01,4.27,1575.00,-,24649.55
NIFTY,05-Aug-2025,07-Aug-2025,PE,23900.00,4.05,4.80,1.80,2.20,1.90,2.20,459059.00,8229719.32,1086.74,3193575.00,624450.00,24649.55
NIFTY,05-Aug-2025,07-Aug-2025,PE,25450.00,742.00,849.65,739.10,793.20,797.15,793.20,69.00,1358.78,41.74,14700.00,375.00,24649.55
NIFTY,05-Aug-2025,07-Aug-2025,PE,23300.00,1.65,1.65,0.65,0.80,0.80,0.80,73405.00,1282815.76,63.39,1626300.00,76125.00,24649.55
NIFTY,05-Aug-2025,07-Aug-2025,PE,26200.00,-,-,-,1464.80,1464.80,1541.85,-,-,-,4650.00,-,24649.55
NIFTY,05-Aug-2025,07-Aug-2025,PE,23650.00,2.50,2.50,0.10,1.25,1.20,1.25,100017.00,1774181.27,129.73,929100.00,200700.00,24649.55
NIFTY,05-Aug-2025,07-Aug-2025,PE,23950.00,5.50,5.80,2.00,2.40,2.15,2.40,281591.00,5058829.19,750.85,1506075.00,505575.00,24649.55
NIFTY,05-Aug-2025,07-Aug-2025,PE,27250.00,-,-,-,2442.95,2442.95,2591.55,-,-,-,225.00,-,24649.55
NIFTY,05-Aug-2025,07-Aug-2025,PE,23200.00,1.30,1.55,0.65,0.80,0.75,0.80,77300.00,1345088.96,68.96,1157025.00,14775.00,24649.55
NIFTY,05-Aug-2025,07-Aug-2025,PE,24900.00,223.95,323.95,221.75,269.70,258.75,269.70,153567.00,2900470.49,32606.76,1141800.00,-238575.00,24649.55
NIFTY,05-Aug-2025,07-Aug-2025,PE,24400.00,25.55,43.35,17.30,20.20,18.00,20.20,1314461.00,24083282.33,28646.03,5010075.00,303000.00,24649.55
NIFTY,05-Aug-2025,07-Aug-2025,PE,25550.00,860.05,947.50,860.05,896.45,892.00,896.45,36.00,714.69,24.84,16650.00,-525.00,24649.55
NIFTY,05-Aug-2025,07-Aug-2025,PE,26150.00,-,-,-,1281.65,1281.65,1491.90,-,-,-,300.00,-,24649.55
NIFTY,05-Aug-2025,07-Aug-2025,PE,23700.00,2.30,2.70,1.20,1.35,1.20,1.35,309378.00,5499636.49,442.54,3375450.00,-307725.00,24649.55
NIFTY,05-Aug-2025,07-Aug-2025,PE,24700.00,99.00,166.55,99.00,117.30,110.90,117.30,2464816.00,45906240.07,245523.67,4530000.00,-1911375.00,24649.55
NIFTY,05-Aug-2025,07-Aug-2025,PE,26100.00,1444.85,1444.85,1444.85,1444.85,1444.85,1441.90,2.00,41.32,2.17,2325.00,-,24649.55
NIFTY,05-Aug-2025,07-Aug-2025,PE,26800.00,-,-,-,1991.85,1991.65,2141.70,-,-,-,750.00,-,24649.55
NIFTY,05-Aug-2025,07-Aug-2025,PE,27150.00,-,-,-,2340.80,2340.50,2491.55,-,-,-,525.00,-,24649.55
NIFTY,05-Aug-2025,07-Aug-2025,PE,24450.00,30.35,55.25,23.80,27.70,24.85,27.70,954190.00,17524758.71,27299.59,2676375.00,407325.00,24649.55
NIFTY,05-Aug-2025,07-Aug-2025,PE,24600.00,70.45,110.00,60.80,68.40,62.45,68.40,3922544.00,72621692.25,250755.45,8892675.00,1069050.00,24649.55
NIFTY,05-Aug-2025,07-Aug-2025,PE,26600.00,1959.00,1959.00,1944.70,1944.70,1944.70,1941.75,2.00,42.83,2.93,1125.00,-150.00,24649.55
NIFTY,05-Aug-2025,07-Aug-2025,PE,25600.00,905.70,1005.65,896.20,955.15,942.75,955.15,96.00,1911.69,68.49,76425.00,-2250.00,24649.55
NIFTY,05-Aug-2025,07-Aug-2025,PE,26650.00,-,-,-,1844.85,1844.55,1991.70,-,-,-,600.00,-,24649.55
NIFTY,05-Aug-2025,07-Aug-2025,PE,24000.00,5.60,7.10,2.40,2.80,2.40,2.80,809807.00,14579094.47,2568.47,9195075.00,1005600.00,24649.55
NIFTY,05-Aug-2025,07-Aug-2025,PE,23400.00,1.50,1.65,0.75,0.90,0.85,0.90,177994.00,3123962.47,167.77,1733100.00,-1225425.00,24649.55
NIFTY,05-Aug-2025,07-Aug-2025,PE,25100.00,408.75,512.00,393.85,448.90,446.95,448.90,13895.00,266358.64,4785.27,386100.00,-43200.00,24649.55
NIFTY,05-Aug-2025,07-Aug-2025,PE,22900.00,1.35,1.40,0.50,0.70,0.60,0.70,57633.00,989893.18,46.41,1162950.00,-8025.00,24649.55
NIFTY,05-Aug-2025,07-Aug-2025,PE,23350.00,1.35,1.60,0.75,0.90,0.75,0.90,39329.00,688785.11,36.00,282525.00,-61950.00,24649.55
NIFTY,05-Aug-2025,07-Aug-2025,PE,23750.00,2.85,3.15,1.25,1.50,1.30,1.50,146060.00,2601933.62,239.87,897600.00,-484050.00,24649.55
NIFTY,06-Aug-2025,07-Aug-2025,PE,22900.00,0.55,0.80,0.35,0.40,0.40,0.40,57520.00,987925.89,19.89,497325.00,-665625.00,24574.20
NIFTY,06-Aug-2025,07-Aug-2025,PE,25200.00,550.00,639.55,527.00,620.95,623.05,620.95,3331.00,64432.13,1476.23,244050.00,-78525.00,24574.20
NIFTY,06-Aug-2025,07-Aug-2025,PE,23400.00,0.80,0.90,0.60,0.75,0.70,0.75,122660.00,2152751.79,68.79,1176525.00,-556575.00,24574.20
NIFTY,06-Aug-2025,07-Aug-2025,PE,23900.00,1.40,2.60,1.35,2.10,2.40,2.10,523696.00,9387920.92,670.12,4497150.00,1303575.00,24574.20
NIFTY,06-Aug-2025,07-Aug-2025,PE,24150.00,4.05,6.65,2.55,5.05,6.65,5.05,772274.00,13990027.15,2214.33,1692150.00,-232125.00,24574.20
NIFTY,06-Aug-2025,07-Aug-2025,PE,25750.00,1177.00,1177.00,1135.90,1171.30,1171.60,1171.30,25.00,504.54,21.72,10575.00,-525.00,24574.20
NIFTY,06-Aug-2025,07-Aug-2025,PE,27000.00,2350.20,2427.10,2340.00,2422.00,2422.00,2422.00,19.00,418.72,33.97,5250.00,-1275.00,24574.20
NIFTY,06-Aug-2025,07-Aug-2025,PE,26250.00,-,-,-,1379.00,1379.00,1671.50,-,-,-,525.00,-,24574.20
NIFTY,06-Aug-2025,07-Aug-2025,PE,23850.00,1.25,2.15,1.15,1.80,1.65,1.80,233485.00,4176721.27,258.33,1775325.00,343800.00,24574.20
NIFTY,06-Aug-2025,07-Aug-2025,PE,23950.00,2.15,3.05,1.35,2.45,2.70,2.45,317607.00,5705478.96,463.22,1499925.00,-6150.00,24574.20
NIFTY,06-Aug-2025,07-Aug-2025,PE,23700.00,1.20,1.35,0.90,1.15,1.00,1.15,383930.00,6824666.26,310.51,3558675.00,183225.00,24574.20
NIFTY,06-Aug-2025,07-Aug-2025,PE,23300.00,0.70,0.85,0.55,0.65,0.65,0.65,71675.00,1252557.96,37.34,1110600.00,-515700.00,24574.20
NIFTY,06-Aug-2025,07-Aug-2025,PE,25350.00,685.25,786.70,675.00,773.70,768.95,773.70,136.00,2660.63,74.93,23550.00,-4725.00,24574.20
NIFTY,06-Aug-2025,07-Aug-2025,PE,27050.00,-,-,-,2241.20,2241.35,2471.40,-,-,-,450.00,-,24574.20
NIFTY,06-Aug-2025,07-Aug-2025,PE,26750.00,-,-,-,1943.05,1943.05,2171.45,-,-,-,450.00,-,24574.20
NIFTY,06-Aug-2025,07-Aug-2025,PE,27150.00,-,-,-,2340.80,2340.50,2571.35,-,-,-,525.00,-,24574.20
NIFTY,06-Aug-2025,07-Aug-2025,PE,24600.00,64.70,98.95,49.60,79.50,84.95,79.50,8080224.00,149519735.83,439603.03,8342700.00,-549975.00,24574.20
NIFTY,06-Aug-2025,07-Aug-2025,PE,24000.00,2.25,3.80,1.65,2.95,3.45,2.95,1386680.00,24962612.36,2372.36,10525050.00,1329975.00,24574.20
NIFTY,06-Aug-2025,07-Aug-2025,PE,25150.00,495.00,588.10,477.70,570.55,572.25,570.55,750.00,14448.81,301.94,54150.00,-5925.00,24574.20
NIFTY,06-Aug-2025,07-Aug-2025,PE,23750.00,1.30,1.70,1.00,1.30,1.25,1.30,244467.00,4354794.01,225.58,1943625.00,1046025.00,24574.20
NIFTY,06-Aug-2025,07-Aug-2025,PE,23200.00,0.60,0.80,0.50,0.60,0.55,0.60,56357.00,980638.53,26.73,897450.00,-259575.00,24574.20
NIFTY,06-Aug-2025,07-Aug-2025,PE,26950.00,-,-,-,2141.45,2141.30,2371.40,-,-,-,450.00,-,24574.20
NIFTY,06-Aug-2025,07-Aug-2025,PE,26000.00,1327.00,1430.00,1327.00,1420.00,1423.00,1420.00,789.00,16212.58,827.08,73725.00,-40650.00,24574.20
NIFTY,06-Aug-2025,07-Aug-2025,PE,25000.00,368.90,442.20,334.00,422.50,424.05,422.50,64694.00,1231948.78,18936.28,932700.00,-302925.00,24574.20
NIFTY,06-Aug-2025,07-Aug-2025,PE,26550.00,1963.00,1984.50,1963.00,1984.50,1984.50,1971.45,5.00,106.96,7.39,1575.00,-,24574.20
NIFTY,06-Aug-2025,07-Aug-2025,PE,24950.00,314.15,393.15,288.60,374.00,375.80,374.00,15188.00,288085.84,3880.39,167400.00,-1875.00,24574.20
NIFTY,06-Aug-2025,07-Aug-2025,PE,26500.00,1925.00,1934.15,1850.00,1919.60,1922.00,1919.60,85.00,1810.17,120.80,11175.00,-4575.00,24574.20
NIFTY,06-Aug-2025,07-Aug-2025,PE,26600.00,-,-,-,1944.70,1944.70,2021.45,-,-,-,1125.00,-,24574.20
NIFTY,06-Aug-2025,07-Aug-2025,PE,23050.00,0.70,0.90,0.40,0.50,0.50,0.50,18514.00,320068.63,7.85,171900.00,50625.00,24574.20
NIFTY,06-Aug-2025,07-Aug-2025,PE,24700.00,105.35,167.20,100.00,147.50,151.95,147.50,2565612.00,47777743.36,249781.06,3349725.00,-1180275.00,24574.20
NIFTY,06-Aug-2025,07-Aug-2025,PE,25800.00,1162.00,1234.10,1151.25,1219.15,1221.00,1219.15,246.00,4981.59,221.49,23325.00,-15825.00,24574.20
NIFTY,06-Aug-2025,07-Aug-2025,PE,23350.00,0.80,0.85,0.60,0.70,0.65,0.70,38891.00,681099.90,21.26,210150.00,-72375.00,24574.20
NIFTY,06-Aug-2025,07-Aug-2025,PE,25450.00,793.20,886.50,775.85,871.45,868.75,871.45,119.00,2346.59,75.18,13650.00,-1050.00,24574.20
NIFTY,06-Aug-2025,07-Aug-2025,PE,24350.00,13.45,20.40,7.80,14.60,18.55,14.60,1810770.00,33086757.91,17570.79,2603025.00,125250.00,24574.20
NIFTY,06-Aug-2025,07-Aug-2025,PE,26150.00,-,-,-,1281.65,1281.65,1571.55,-,-,-,300.00,-,24574.20
NIFTY,06-Aug-2025,07-Aug-2025,PE,24900.00,269.70,344.95,244.05,324.75,328.40,324.75,122454.00,2313958.87,27130.42,860175.00,-281625.00,24574.20
NIFTY,06-Aug-2025,07-Aug-2025,PE,25650.00,979.60,1080.85,979.60,1073.30,1073.30,1073.30,37.00,740.60,28.82,4125.00,825.00,24574.20
NIFTY,06-Aug-2025,07-Aug-2025,PE,23500.00,1.00,1.00,0.65,0.85,0.80,0.85,458793.00,8086509.71,283.08,6109500.00,-1739025.00,24574.20
NIFTY,06-Aug-2025,07-Aug-2025,PE,25300.00,640.95,740.55,626.80,720.40,722.45,720.40,1775.00,34611.74,931.12,127500.00,-57150.00,24574.20
NIFTY,06-Aug-2025,07-Aug-2025,PE,22850.00,0.50,0.70,0.35,0.40,0.40,0.40,38215.00,654922.53,12.96,812325.00,-8775.00,24574.20
NIFTY,06-Aug-2025,07-Aug-2025,PE,25050.00,405.05,491.05,381.00,472.05,475.45,472.05,2018.00,38576.17,662.99,52650.00,-11775.00,24574.20
NIFTY,06-Aug-2025,07-Aug-2025,PE,26450.00,-,-,-,1839.70,1839.70,1871.50,-,-,-,1050.00,-,24574.20
NIFTY,06-Aug-2025,07-Aug-2025,PE,25850.00,-,-,-,1126.25,1126.25,1271.60,-,-,-,900.00,-,24574.20
NIFTY,06-Aug-2025,07-Aug-2025,PE,27100.00,-,-,-,2289.25,2288.85,2521.35,-,-,-,450.00,-,24574.20
NIFTY,06-Aug-2025,07-Aug-2025,PE,26800.00,-,-,-,1991.85,1991.65,2221.40,-,-,-,750.00,-,24574.20
NIFTY,06-Aug-2025,07-Aug-2025,PE,23650.00,1.30,1.30,0.80,1.00,0.95,1.00,140722.00,2496160.77,104.29,1106100.00,177000.00,24574.20
NIFTY,06-Aug-2025,07-Aug-2025,PE,26200.00,1620.00,1630.00,1570.00,1630.00,1630.00,1621.50,10.00,208.56,12.06,3975.00,-675.00,24574.20
NIFTY,06-Aug-2025,07-Aug-2025,PE,25100.00,448.95,541.90,430.00,521.10,524.00,521.10,10770.00,206691.16,3945.91,331125.00,-54975.00,24574.20
NIFTY,06-Aug-2025,07-Aug-2025,PE,25600.00,952.75,1036.90,930.00,1020.45,1023.00,1020.45,508.00,10135.47,381.87,52500.00,-23925.00,24574.20
NIFTY,06-Aug-2025,07-Aug-2025,PE,24750.00,149.60,207.00,131.75,187.90,191.60,187.90,642310.00,12002206.46,79327.09,772500.00,-356475.00,24574.20
NIFTY,06-Aug-2025,07-Aug-2025,PE,24650.00,93.00,130.00,71.80,110.55,116.45,110.55,4062735.00,75405498.31,295684.99,2354550.00,-1780500.00,24574.20
NIFTY,06-Aug-2025,07-Aug-2025,PE,26350.00,-,-,-,1479.00,1479.00,1771.50,-,-,-,300.00,-,24574.20
NIFTY,06-Aug-2025,07-Aug-2025,PE,27250.00,-,-,-,2442.95,2442.95,2671.35,-,-,-,225.00,-,24574.20
NIFTY,06-Aug-2025,07-Aug-2025,PE,25500.00,842.00,939.00,829.15,920.30,925.75,920.30,2153.00,42619.41,1443.29,195000.00,-101325.00,24574.20
NIFTY,06-Aug-2025,07-Aug-2025,PE,25550.00,900.05,987.65,882.00,969.30,969.30,969.30,178.00,3537.75,126.83,10950.00,-5700.00,24574.20
NIFTY,06-Aug-2025,07-Aug-2025,PE,23150.00,0.55,0.75,0.45,0.55,0.60,0.55,32398.00,562525.45,15.17,251475.00,-90825.00,24574.20
NIFTY,06-Aug-2025,07-Aug-2025,PE,24300.00,11.20,14.70,5.60,11.00,14.00,11.00,2350839.00,42860505.87,16465.09,5295750.00,831675.00,24574.20
NIFTY,06-Aug-2025,07-Aug-2025,PE,24450.00,27.70,39.30,15.95,28.15,32.65,28.15,2602711.00,47778763.65,51550.69,3086400.00,410025.00,24574.20
NIFTY,06-Aug-2025,07-Aug-2025,PE,26700.00,2061.10,2061.10,2061.10,2061.10,2061.10,2121.45,3.00,64.71,4.64,2700.00,-,24574.20
NIFTY,06-Aug-2025,07-Aug-2025,PE,25400.00,745.70,837.25,727.20,820.35,825.90,820.35,915.00,17979.19,548.44,92775.00,-32100.00,24574.20
NIFTY,06-Aug-2025,07-Aug-2025,PE,23450.00,1.00,1.05,0.60,0.75,0.60,0.75,62678.00,1102385.61,36.28,346800.00,-101475.00,24574.20
NIFTY,06-Aug-2025,07-Aug-2025,PE,23100.00,0.70,0.75,0.45,0.55,0.50,0.55,55817.00,967054.89,25.36,677400.00,174675.00,24574.20
NIFTY,06-Aug-2025,07-Aug-2025,PE,25950.00,-,-,-,1346.00,1346.00,1371.55,-,-,-,750.00,-,24574.20
NIFTY,06-Aug-2025,07-Aug-2025,PE,25250.00,579.90,687.45,579.90,669.65,671.05,669.65,323.00,6271.12,154.31,54600.00,-11775.00,24574.20
NIFTY,06-Aug-2025,07-Aug-2025,PE,27200.00,2650.00,2650.00,2618.30,2620.00,2620.00,2621.35,67.00,1498.84,132.04,3150.00,-2850.00,24574.20
NIFTY,06-Aug-2025,07-Aug-2025,PE,24850.00,226.75,296.65,203.55,277.70,280.25,277.70,82484.00,1552703.85,15408.30,268125.00,-97275.00,24574.20
NIFTY,06-Aug-2025,07-Aug-2025,PE,24550.00,47.80,74.00,34.05,56.50,62.00,56.50,5202067.00,95992563.87,209505.23,5208900.00,1924125.00,24574.20
NIFTY,06-Aug-2025,07-Aug-2025,PE,23800.00,1.30,1.95,1.05,1.55,1.65,1.55,523659.00,9347838.51,525.36,5054925.00,1116975.00,24574.20
NIFTY,06-Aug-2025,07-Aug-2025,PE,26400.00,1823.00,1830.00,1780.00,1816.00,1816.00,1821.50,10.00,211.61,13.61,525.00,-375.00,24574.20
NIFTY,06-Aug-2025,07-Aug-2025,PE,26050.00,-,-,-,1250.00,1250.00,1471.55,-,-,-,525.00,-,24574.20
NIFTY,06-Aug-2025,07-Aug-2025,PE,22950.00,0.60,0.65,0.40,0.45,0.50,0.45,47761.00,822105.16,18.94,1445100.00,-667950.00,24574.20
NIFTY,06-Aug-2025,07-Aug-2025,PE,24800.00,189.75,251.95,166.25,231.75,235.90,231.75,656895.00,12319898.71,101651.71,1341975.00,-533250.00,24574.20
NIFTY,06-Aug-2025,07-Aug-2025,PE,26100.00,1450.00,1529.25,1450.00,1516.00,1516.00,1521.55,14.00,289.63,15.58,1800.00,-525.00,24574.20
NIFTY,06-Aug-2025,07-Aug-2025,PE,24400.00,21.20,28.30,11.10,20.15,24.65,20.15,3102613.00,56821146.18,43328.28,6184275.00,1174200.00,24574.20
NIFTY,06-Aug-2025,07-Aug-2025,PE,23250.00,0.75,0.95,0.50,0.65,0.55,0.65,30917.00,539130.81,15.62,225900.00,-31500.00,24574.20
NIFTY,06-Aug-2025,07-Aug-2025,PE,23000.00,0.55,0.70,0.45,0.50,0.45,0.50,221838.00,3826797.46,91.96,3920550.00,-460200.00,24574.20
NIFTY,06-Aug-2025,07-Aug-2025,PE,24100.00,4.10,5.40,2.10,4.05,5.00,4.05,1090300.00,19709696.65,2524.15,3702000.00,-265500.00,24574.20
NIFTY,06-Aug-2025,07-Aug-2025,PE,24250.00,7.35,10.75,4.15,8.15,10.55,8.15,1379867.00,25103283.21,6952.15,2051025.00,188700.00,24574.20
NIFTY,06-Aug-2025,07-Aug-2025,PE,24200.00,5.00,8.50,3.25,6.35,8.50,6.35,1607540.00,29183061.70,6210.70,4928175.00,21825.00,24574.20
NIFTY,06-Aug-2025,07-Aug-2025,PE,22800.00,0.50,0.65,0.30,0.35,0.35,0.35,111810.00,1911986.84,35.84,3414000.00,-147675.00,24574.20
NIFTY,06-Aug-2025,07-Aug-2025,PE,26650.00,-,-,-,1844.85,1844.55,2071.45,-,-,-,600.00,-,24574.20
NIFTY,06-Aug-2025,07-Aug-2025,PE,26850.00,-,-,-,2044.55,2044.55,2271.40,-,-,-,375.00,-,24574.20
NIFTY,06-Aug-2025,07-Aug-2025,PE,23600.00,1.15,1.15,0.70,0.90,0.80,0.90,425697.00,7535120.71,283.81,3436050.00,-735675.00,24574.20
NIFTY,06-Aug-2025,07-Aug-2025,PE,25900.00,1270.55,1336.00,1250.00,1319.85,1319.85,1319.85,176.00,3589.32,170.52,8475.00,-4500.00,24574.20
NIFTY,06-Aug-2025,07-Aug-2025,PE,23550.00,0.95,1.10,0.70,0.85,0.75,0.85,102016.00,1801923.77,66.17,477000.00,-253875.00,24574.20
NIFTY,06-Aug-2025,07-Aug-2025,PE,24050.00,2.50,4.45,1.80,3.25,4.15,3.25,633204.00,11422675.29,1258.14,1560300.00,-199575.00,24574.20
NIFTY,06-Aug-2025,07-Aug-2025,PE,26900.00,-,-,-,2091.55,2091.40,2321.40,-,-,-,450.00,-,24574.20
NIFTY,06-Aug-2025,07-Aug-2025,PE,24500.00,37.00,54.50,23.20,39.80,44.60,39.80,5682354.00,104574977.27,161722.52,8103675.00,-359850.00,24574.20
NIFTY,06-Aug-2025,07-Aug-2025,PE,25700.00,1030.00,1135.80,1030.00,1120.40,1121.00,1120.40,361.00,7258.14,299.87,21675.00,-13950.00,24574.20
NIFTY,06-Aug-2025,07-Aug-2025,PE,26300.00,1693.40,1732.00,1670.00,1725.00,1725.00,1721.50,43.00,903.61,55.43,2025.00,-1725.00,24574.20
NIFTY,07-Aug-2025,07-Aug-2025,PE,25050.00,535.00,708.40,453.45,465.60,453.45,24596.15,1153.00,22132.63,470.64,36900.00,-15750.00,24596.15
NIFTY,07-Aug-2025,07-Aug-2025,PE,23150.00,0.50,0.55,0.05,0.10,0.05,24596.15,48381.00,840026.92,11.81,227325.00,-24150.00,24596.15
NIFTY,07-Aug-2025,07-Aug-2025,PE,24900.00,378.35,560.00,303.00,317.85,303.45,24596.15,25272.00,479836.29,7881.69,484425.00,-375750.00,24596.15
NIFTY,07-Aug-2025,07-Aug-2025,PE,25700.00,1200.00,1354.80,1104.50,1108.85,1104.50,24596.15,207.00,4180.57,190.64,14400.00,-7275.00,24596.15
NIFTY,07-Aug-2025,07-Aug-2025,PE,24050.00,4.45,4.95,0.05,0.15,0.05,24596.15,1033785.00,18647620.99,724.05,2360025.00,799725.00,24596.15
NIFTY,07-Aug-2025,07-Aug-2025,PE,22950.00,0.45,0.50,0.05,0.05,0.05,24596.15,70316.00,1210331.49,17.34,544275.00,-900825.00,24596.15
NIFTY,07-Aug-2025,07-Aug-2025,PE,23750.00,1.25,1.25,0.05,0.15,0.05,24596.15,426663.00,7600116.23,181.54,2317650.00,374025.00,24596.15
NIFTY,07-Aug-2025,07-Aug-2025,PE,24700.00,210.00,363.00,103.10,115.90,103.90,24596.15,619225.00,11564312.66,93169.53,1956225.00,-1393500.00,24596.15
NIFTY,07-Aug-2025,07-Aug-2025,PE,23800.00,0.90,1.20,0.05,0.15,0.05,24596.15,1205198.00,21513387.51,603.21,8310225.00,3255300.00,24596.15
NIFTY,07-Aug-2025,07-Aug-2025,PE,26500.00,2038.15,2155.40,1904.85,1918.50,1906.75,24596.15,389.00,8325.47,594.10,3300.00,-7875.00,24596.15
NIFTY,07-Aug-2025,07-Aug-2025,PE,24300.00,14.70,18.30,0.05,0.20,0.05,24596.15,14164727.00,258221108.15,68958.57,7318275.00,2022525.00,24596.15
NIFTY,07-Aug-2025,07-Aug-2025,PE,26250.00,-,-,-,1379.00,1379.00,24596.15,-,-,-,525.00,-,24596.15
NIFTY,07-Aug-2025,07-Aug-2025,PE,22900.00,0.40,0.45,0.05,0.05,0.05,24596.15,43928.00,754472.65,9.25,253950.00,-243375.00,24596.15
NIFTY,07-Aug-2025,07-Aug-2025,PE,23650.00,0.80,0.95,0.05,0.10,0.05,24596.15,318014.00,5640890.58,117.26,1051200.00,-54900.00,24596.15
NIFTY,07-Aug-2025,07-Aug-2025,PE,25400.00,900.00,1061.00,803.20,813.20,805.35,24596.15,1356.00,26755.76,923.96,68925.00,-23850.00,24596.15
NIFTY,07-Aug-2025,07-Aug-2025,PE,23250.00,0.40,0.65,0.05,0.10,0.05,24596.15,73483.00,1281379.58,19.77,273750.00,47850.00,24596.15
NIFTY,07-Aug-2025,07-Aug-2025,PE,25950.00,1440.10,1516.55,1440.10,1516.55,1516.55,24596.15,5.00,102.94,5.62,675.00,-75.00,24596.15
NIFTY,07-Aug-2025,07-Aug-2025,PE,26700.00,2265.00,2351.00,2265.00,2351.00,2351.00,24596.15,33.00,718.08,57.25,975.00,-1725.00,24596.15
NIFTY,07-Aug-2025,07-Aug-2025,PE,23200.00,0.30,0.65,0.05,0.05,0.05,24596.15,115681.00,2012879.84,30.44,980325.00,82875.00,24596.15
NIFTY,07-Aug-2025,07-Aug-2025,PE,26100.00,1516.00,1516.00,1516.00,1516.00,1516.00,24596.15,1.00,20.71,1.14,1800.00,-,24596.15
NIFTY,07-Aug-2025,07-Aug-2025,PE,25600.00,1102.20,1256.10,1005.25,1016.30,1005.65,24596.15,545.00,10913.92,449.92,42750.00,-9750.00,24596.15
NIFTY,07-Aug-2025,07-Aug-2025,PE,27250.00,-,-,-,2442.95,2442.95,24596.15,-,-,-,225.00,-,24596.15
NIFTY,07-Aug-2025,07-Aug-2025,PE,24550.00,86.00,214.65,0.05,2.70,0.05,24596.15,10583118.00,195154120.21,292460.04,15177375.00,9968475.00,24596.15
NIFTY,07-Aug-2025,07-Aug-2025,PE,24000.00,2.00,2.40,0.05,0.15,0.05,24596.15,2329705.00,41936162.32,1472.32,10334325.00,-190725.00,24596.15
NIFTY,07-Aug-2025,07-Aug-2025,PE,24100.00,2.90,3.90,0.05,0.15,0.05,24596.15,1975128.00,35701996.88,1558.28,4127325.00,425325.00,24596.15
NIFTY,07-Aug-2025,07-Aug-2025,PE,24800.00,294.95,462.35,202.75,217.95,203.50,24596.15,122278.00,2302920.80,28550.00,543750.00,-798225.00,24596.15
NIFTY,07-Aug-2025,07-Aug-2025,PE,25200.00,676.45,858.60,603.35,620.05,605.00,24596.15,4183.00,81330.95,2272.25,185400.00,-58650.00,24596.15
NIFTY,07-Aug-2025,07-Aug-2025,PE,23300.00,0.50,0.60,0.05,0.10,0.05,24596.15,427324.00,7467618.17,131.27,1959225.00,848625.00,24596.15
NIFTY,07-Aug-2025,07-Aug-2025,PE,24650.00,151.00,313.00,53.10,64.50,53.80,24596.15,1003624.00,18648787.50,94288.80,1756350.00,-598200.00,24596.15
NIFTY,07-Aug-2025,07-Aug-2025,PE,23050.00,0.50,0.55,0.05,0.05,0.05,24596.15,28717.00,496452.29,7.15,132075.00,-39825.00,24596.15
NIFTY,07-Aug-2025,07-Aug-2025,PE,23850.00,1.95,1.95,0.05,0.15,0.05,24596.15,569288.00,10183416.78,277.68,1937100.00,161775.00,24596.15
NIFTY,07-Aug-2025,07-Aug-2025,PE,26350.00,-,-,-,1479.00,1479.00,24596.15,-,-,-,300.00,-,24596.15
NIFTY,07-Aug-2025,07-Aug-2025,PE,25000.00,481.00,662.00,403.10,415.50,404.65,24596.15,36068.00,690406.36,14131.36,407025.00,-525675.00,24596.15
NIFTY,07-Aug-2025,07-Aug-2025,PE,25550.00,1035.00,1208.75,954.75,964.65,955.10,24596.15,300.00,5985.64,236.89,6225.00,-4725.00,24596.15
NIFTY,07-Aug-2025,07-Aug-2025,PE,26450.00,2054.55,2054.55,2054.55,2054.55,2054.55,24596.15,1.00,21.38,1.54,1050.00,-,24596.15
NIFTY,07-Aug-2025,07-Aug-2025,PE,23550.00,0.85,0.95,0.05,0.10,0.05,24596.15,216357.00,3821481.45,75.94,655200.00,178200.00,24596.15
NIFTY,07-Aug-2025,07-Aug-2025,PE,22850.00,0.45,0.45,0.05,0.10,0.05,24596.15,70412.00,1206699.46,13.81,712725.00,-99600.00,24596.15
NIFTY,07-Aug-2025,07-Aug-2025,PE,27000.00,2475.05,2643.65,2457.00,2457.00,2457.00,24596.15,69.00,1527.73,130.48,2700.00,-2550.00,24596.15
NIFTY,07-Aug-2025,07-Aug-2025,PE,26550.00,1960.00,1960.00,1960.00,1960.00,1960.00,24596.15,1.00,21.38,1.47,1500.00,-75.00,24596.15
NIFTY,07-Aug-2025,07-Aug-2025,PE,25350.00,832.10,1005.25,753.85,760.50,756.05,24596.15,344.00,6770.85,230.55,13200.00,-10350.00,24596.15
NIFTY,07-Aug-2025,07-Aug-2025,PE,23100.00,0.55,0.55,0.05,0.05,0.05,24596.15,113228.00,1961707.55,32.45,464925.00,-212475.00,24596.15
NIFTY,07-Aug-2025,07-Aug-2025,PE,24400.00,33.00,73.00,0.05,0.25,0.05,24596.15,27405793.00,501948886.55,422874.65,11686200.00,5501925.00,24596.15
NIFTY,07-Aug-2025,07-Aug-2025,PE,24150.00,4.50,5.00,0.05,0.15,0.05,24596.15,2505401.00,45381666.19,2590.58,2867325.00,1175175.00,24596.15
NIFTY,07-Aug-2025,07-Aug-2025,PE,25750.00,1240.05,1364.95,1160.00,1161.05,1160.00,24596.15,151.00,3057.55,141.36,9000.00,-1575.00,24596.15
NIFTY,07-Aug-2025,07-Aug-2025,PE,26050.00,1620.00,1620.00,1620.00,1620.00,1620.00,24596.15,1.00,20.75,1.22,450.00,-75.00,24596.15
NIFTY,07-Aug-2025,07-Aug-2025,PE,25300.00,785.15,956.65,704.65,723.65,705.30,24596.15,1613.00,31587.28,980.60,82575.00,-44925.00,24596.15
NIFTY,07-Aug-2025,07-Aug-2025,PE,26300.00,1900.00,1900.00,1900.00,1900.00,1900.00,24596.15,1.00,21.15,1.43,2025.00,-,24596.15
NIFTY,07-Aug-2025,07-Aug-2025,PE,27150.00,-,-,-,2340.80,2340.50,24596.15,-,-,-,525.00,-,24596.15
NIFTY,07-Aug-2025,07-Aug-2025,PE,23900.00,1.25,1.65,0.05,0.15,0.05,24596.15,1409600.00,25267808.60,728.60,5500500.00,1003350.00,24596.15
NIFTY,07-Aug-2025,07-Aug-2025,PE,23000.00,0.40,0.50,0.05,0.10,0.05,24596.15,265729.00,4583892.77,67.52,1372875.00,-2547675.00,24596.15
NIFTY,07-Aug-2025,07-Aug-2025,PE,27200.00,2800.00,2800.00,2800.00,2800.00,2800.00,24596.15,14.00,315.00,29.40,3075.00,-75.00,24596.15
NIFTY,07-Aug-2025,07-Aug-2025,PE,26750.00,-,-,-,1943.05,1943.05,24596.15,-,-,-,450.00,-,24596.15
NIFTY,07-Aug-2025,07-Aug-2025,PE,24500.00,60.00,165.00,0.05,0.90,0.05,24596.15,19681279.00,362231943.78,588442.16,13836450.00,5732775.00,24596.15
NIFTY,07-Aug-2025,07-Aug-2025,PE,25850.00,1470.00,1470.00,1390.25,1390.25,1390.25,24596.15,5.00,102.33,5.39,525.00,-375.00,24596.15
NIFTY,07-Aug-2025,07-Aug-2025,PE,24350.00,17.60,38.65,0.05,0.20,0.05,24596.15,18870636.00,344797237.12,172247.17,7142325.00,4539300.00,24596.15
NIFTY,07-Aug-2025,07-Aug-2025,PE,24250.00,9.00,9.70,0.05,0.15,0.05,24596.15,6999036.00,127312063.96,17096.71,3226725.00,1175700.00,24596.15
NIFTY,07-Aug-2025,07-Aug-2025,PE,26650.00,-,-,-,1844.85,1844.55,24596.15,-,-,-,600.00,-,24596.15
NIFTY,07-Aug-2025,07-Aug-2025,PE,25250.00,756.00,909.10,653.85,670.75,655.40,24596.15,789.00,15388.83,447.14,39450.00,-15150.00,24596.15
NIFTY,07-Aug-2025,07-Aug-2025,PE,26150.00,-,-,-,1281.65,1281.65,24596.15,-,-,-,300.00,-,24596.15
NIFTY,07-Aug-2025,07-Aug-2025,PE,26000.00,1490.05,1655.65,1402.90,1414.75,1404.70,24596.15,666.00,13751.30,764.30,33600.00,-40125.00,24596.15
NIFTY,07-Aug-2025,07-Aug-2025,PE,23950.00,1.45,1.95,0.05,0.15,0.05,24596.15,990616.00,17794486.31,546.41,2685450.00,1185525.00,24596.15
NIFTY,07-Aug-2025,07-Aug-2025,PE,26950.00,-,-,-,2141.45,2141.30,24596.15,-,-,-,450.00,-,24596.15
NIFTY,07-Aug-2025,07-Aug-2025,PE,27050.00,-,-,-,2241.20,2241.35,24596.15,-,-,-,450.00,-,24596.15
NIFTY,07-Aug-2025,07-Aug-2025,PE,26600.00,2095.00,2095.00,2095.00,2095.00,2095.00,24596.15,2.00,43.04,3.14,975.00,-150.00,24596.15
NIFTY,07-Aug-2025,07-Aug-2025,PE,26850.00,-,-,-,2044.55,2044.55,24596.15,-,-,-,375.00,-,24596.15
NIFTY,07-Aug-2025,07-Aug-2025,PE,25650.00,1138.75,1304.25,1132.75,1149.00,1149.00,24596.15,38.00,764.49,33.47,3225.00,-900.00,24596.15
NIFTY,07-Aug-2025,07-Aug-2025,PE,24600.00,101.00,264.00,3.30,14.50,3.95,24596.15,7287704.00,134759712.68,301573.88,7723950.00,-618750.00,24596.15
NIFTY,07-Aug-2025,07-Aug-2025,PE,25100.00,580.95,760.10,503.15,516.95,503.75,24596.15,7255.00,139994.68,3419.30,180825.00,-150300.00,24596.15
NIFTY,07-Aug-2025,07-Aug-2025,PE,24950.00,425.10,606.30,353.25,367.20,354.10,24596.15,5394.00,102822.87,1887.64,71625.00,-95775.00,24596.15
NIFTY,07-Aug-2025,07-Aug-2025,PE,24200.00,7.00,7.00,0.05,0.15,0.05,24596.15,5118389.00,92906566.01,7805.66,5179050.00,250875.00,24596.15
NIFTY,07-Aug-2025,07-Aug-2025,PE,23500.00,0.70,0.75,0.05,0.10,0.05,24596.15,998946.00,17606772.74,349.49,5626425.00,-483075.00,24596.15
NIFTY,07-Aug-2025,07-Aug-2025,PE,26200.00,1703.85,1793.85,1644.15,1644.15,1644.15,24596.15,50.00,1045.81,63.31,1575.00,-2400.00,24596.15
NIFTY,07-Aug-2025,07-Aug-2025,PE,25150.00,648.40,806.15,553.55,563.20,553.55,24596.15,567.00,10971.66,276.63,42150.00,-12000.00,24596.15
NIFTY,07-Aug-2025,07-Aug-2025,PE,22800.00,0.30,0.45,0.05,0.10,0.05,24596.15,210090.00,3592582.17,43.17,2460300.00,-953700.00,24596.15
NIFTY,07-Aug-2025,07-Aug-2025,PE,23450.00,0.75,0.75,0.05,0.10,0.05,24596.15,242128.00,4258504.91,78.71,1354650.00,1007850.00,24596.15
NIFTY,07-Aug-2025,07-Aug-2025,PE,24750.00,195.00,411.50,152.90,167.95,153.65,24596.15,85027.00,1593724.38,15410.69,328650.00,-443850.00,24596.15
NIFTY,07-Aug-2025,07-Aug-2025,PE,24450.00,44.00,116.80,0.05,0.35,0.05,24596.15,19727270.00,362191243.95,442430.32,9548175.00,6461775.00,24596.15
NIFTY,07-Aug-2025,07-Aug-2025,PE,25800.00,1285.05,1455.80,1208.00,1213.85,1208.00,24596.15,201.00,4092.32,202.97,14250.00,-9075.00,24596.15
NIFTY,07-Aug-2025,07-Aug-2025,PE,25450.00,930.00,1108.55,861.05,866.25,861.45,24596.15,174.00,3448.86,127.64,8550.00,-5100.00,24596.15
NIFTY,07-Aug-2025,07-Aug-2025,PE,25500.00,1000.00,1160.00,904.70,915.65,905.70,24596.15,2817.00,56041.59,2166.46,87375.00,-107625.00,24596.15
NIFTY,07-Aug-2025,07-Aug-2025,PE,27100.00,-,-,-,2289.25,2288.85,24596.15,-,-,-,450.00,-,24596.15
NIFTY,07-Aug-2025,07-Aug-2025,PE,26400.00,1870.00,1870.00,1816.00,1816.00,1816.00,24596.15,2.00,42.36,2.76,375.00,-150.00,24596.15
NIFTY,07-Aug-2025,07-Aug-2025,PE,26800.00,-,-,-,1991.85,1991.65,24596.15,-,-,-,750.00,-,24596.15
NIFTY,07-Aug-2025,07-Aug-2025,PE,23400.00,0.55,0.75,0.05,0.10,0.05,24596.15,388991.00,6826918.40,126.35,2798775.00,1622250.00,24596.15
NIFTY,07-Aug-2025,07-Aug-2025,PE,26900.00,-,-,-,2091.55,2091.40,24596.15,-,-,-,450.00,-,24596.15
NIFTY,07-Aug-2025,07-Aug-2025,PE,23700.00,1.00,1.00,0.05,0.15,0.05,24596.15,616379.00,10956386.26,249.54,2896950.00,-661725.00,24596.15
NIFTY,07-Aug-2025,07-Aug-2025,PE,23350.00,0.60,0.65,0.05,0.10,0.05,24596.15,112360.00,1967735.15,30.65,430575.00,220425.00,24596.15
NIFTY,07-Aug-2025,07-Aug-2025,PE,25900.00,1369.00,1555.45,1369.00,1370.00,1370.00,24596.15,28.00,574.38,30.48,7950.00,-525.00,24596.15
NIFTY,07-Aug-2025,07-Aug-2025,PE,24850.00,328.90,509.45,252.85,266.05,253.60,24596.15,19716.00,372623.11,5166.16,81750.00,-186375.00,24596.15
NIFTY,07-Aug-2025,07-Aug-2025,PE,23600.00,0.60,0.85,0.05,0.10,0.05,24596.15,468300.00,8289085.72,175.72,2403450.00,-1032600.00,24596.15